
    -0.011     0.046     0.020    -0.022     0.056     0.021     0.015
     0.000     0.018     0.014    -0.011     0.014     0.021    -0.001
     0.034    -0.067     0.042     0.032    -0.073     0.046    -0.000
    -0.008    -0.043     0.031    -0.031    -0.017     0.030    -0.032
     0.014    -0.043     0.036     0.024    -0.052     0.030     0.002
     0.027    -0.011     0.106     0.043     0.005     0.104    -0.018
     0.021     0.030    -0.082    -0.001     0.058    -0.061    -0.037
     0.024     0.019    -0.034     0.036    -0.001    -0.012    -0.033
    -0.017    -0.003     0.011    -0.021     0.012     0.018     0.006
     0.006    -0.038     0.041     0.002    -0.037     0.052     0.002
    -0.000     0.002     0.059    -0.018     0.007     0.060     0.024
    -0.012     0.039    -0.015    -0.035     0.052    -0.007    -0.008
     0.020    -0.007     0.026     0.015    -0.016     0.020    -0.004
     0.022    -0.034    -0.019     0.026     0.002    -0.021    -0.034
     0.017    -0.020    -0.009     0.022    -0.012    -0.014    -0.009
    -0.002     0.035    -0.005    -0.030     0.028    -0.001     0.022
    -0.028    -0.000     0.083    -0.040     0.010     0.089     0.010
    -0.016     0.016     0.068    -0.034     0.026     0.063    -0.018
     0.009    -0.028     0.056     0.009    -0.036     0.062    -0.006
    -0.007     0.028     0.074    -0.025     0.053     0.040    -0.046
     0.025     0.030    -0.056     0.038     0.024    -0.058    -0.014
     0.022    -0.020     0.022     0.030    -0.009     0.007    -0.023
     0.024    -0.026    -0.033     0.015    -0.034    -0.026    -0.013
     0.001     0.013     0.056    -0.031     0.014     0.037    -0.022
    -0.028     0.020     0.102    -0.042     0.001     0.107     0.023
     0.033     0.004     0.051     0.018     0.023     0.044     0.030
     0.028     0.022     0.048     0.034     0.020     0.046     0.002
    -0.000     0.013    -0.067    -0.016    -0.005    -0.062     0.022
    -0.007     0.005     0.003    -0.005     0.016     0.007     0.001
     0.011     0.023    -0.055    -0.010     0.019    -0.046    -0.021
    -0.020     0.010     0.129    -0.048    -0.019     0.117    -0.023
     0.031    -0.015    -0.001     0.035    -0.032     0.003     0.001
    -0.007    -0.023     0.082    -0.000    -0.036     0.087    -0.005
    -0.003    -0.030     0.078    -0.009    -0.040     0.085     0.003
     0.005     0.003     0.009     0.004     0.002    -0.005     0.000
    -0.010     0.034    -0.012    -0.001     0.007     0.007    -0.034
    -0.014     0.026     0.062    -0.024     0.013     0.063    -0.020
     0.038    -0.041     0.001     0.056    -0.015    -0.000    -0.033
    -0.017     0.041     0.073    -0.020     0.039    -0.002    -0.072
    -0.016     0.029    -0.036    -0.027     0.019    -0.036     0.014
     0.014    -0.046     0.123     0.023    -0.047     0.133     0.009
     0.003    -0.025     0.095    -0.006    -0.029     0.094     0.002
     0.016     0.003    -0.065    -0.012    -0.009    -0.005    -0.062
     0.020     0.045    -0.124     0.026     0.050    -0.128    -0.002
     0.003     0.025     0.025     0.004     0.027     0.015    -0.009
    -0.006     0.008     0.016    -0.016     0.012     0.011     0.006
     0.028    -0.012    -0.041     0.036    -0.017    -0.044    -0.006
     0.001    -0.033     0.065     0.035    -0.038     0.051    -0.037
     0.000     0.034    -0.022    -0.018     0.031    -0.020    -0.018
     0.020    -0.020    -0.023     0.016    -0.030     0.002    -0.023
     0.033    -0.008    -0.009     0.036    -0.009    -0.012     0.008
     0.011     0.056    -0.078    -0.025     0.078    -0.051    -0.050
    -0.016    -0.015     0.015    -0.018    -0.009     0.025    -0.013
    -0.019     0.049     0.036    -0.038     0.048     0.037     0.023
     0.016     0.017    -0.037     0.015     0.038    -0.036     0.010
    -0.001     0.029     0.021    -0.016     0.017     0.005     0.025
    -0.011    -0.001     0.021    -0.021    -0.007     0.022     0.006
     0.006    -0.018     0.049    -0.009    -0.043     0.038     0.027
    -0.006    -0.015    -0.022    -0.010    -0.012    -0.007     0.006
     0.031    -0.018     0.032     0.033     0.009     0.019    -0.025
     0.009     0.043     0.039     0.029     0.045     0.033    -0.015
     0.023     0.029     0.032     0.025     0.034     0.035     0.002
     0.032    -0.035    -0.031     0.032     0.004    -0.031     0.049
     0.004     0.032     0.055    -0.022     0.042     0.023    -0.042
    -0.007    -0.007    -0.016    -0.012    -0.020    -0.011     0.008
     0.038    -0.037    -0.006     0.025     0.003    -0.001    -0.045
     0.010    -0.023     0.010     0.008    -0.026     0.010     0.009
    -0.023    -0.021     0.093    -0.032    -0.017     0.100     0.014
     0.040    -0.015    -0.049     0.049    -0.038    -0.046    -0.019
     0.013    -0.021     0.083     0.006    -0.024     0.084    -0.001
     0.012     0.025     0.026     0.005     0.016    -0.009     0.022
     0.022     0.035    -0.080     0.001     0.061    -0.052    -0.039
     0.027    -0.023    -0.007     0.030    -0.010    -0.016    -0.020
     0.006     0.022    -0.042     0.018     0.033    -0.033    -0.005
     0.020    -0.037     0.047     0.023    -0.050     0.046     0.006
     0.005    -0.029     0.060     0.014    -0.056     0.026     0.040
     0.027    -0.032     0.036     0.033    -0.036     0.033    -0.001
    -0.003    -0.017    -0.005    -0.011    -0.013     0.003    -0.011
    -0.003     0.061     0.050     0.002     0.073     0.045     0.017
     0.006    -0.030     0.058     0.002    -0.029     0.066     0.002
     0.004    -0.010    -0.077    -0.003    -0.002    -0.078    -0.008
     0.030    -0.039     0.019     0.039    -0.040     0.024     0.008
     0.041    -0.054    -0.058     0.041    -0.064    -0.004     0.032
    -0.008    -0.021     0.050    -0.018    -0.012     0.053    -0.006
     0.016    -0.025    -0.023     0.009    -0.038    -0.022    -0.004
    -0.014     0.049     0.013    -0.024     0.049     0.022     0.015
     0.005     0.026     0.023    -0.001     0.006    -0.006     0.030
    -0.000    -0.001     0.039    -0.007     0.019     0.028     0.023
     0.025     0.003     0.003     0.009     0.012    -0.004    -0.022
     0.012    -0.027     0.096     0.046    -0.025     0.016    -0.086
    -0.005    -0.025    -0.024    -0.012    -0.013    -0.020    -0.010
     0.028    -0.025     0.054     0.047    -0.009     0.035    -0.027
    -0.002    -0.009     0.049    -0.019     0.002     0.053     0.019
    -0.007    -0.014    -0.021    -0.012    -0.002    -0.015     0.022
    -0.002     0.013     0.072    -0.042     0.010     0.055     0.018
     0.035    -0.012     0.052     0.033     0.007     0.052     0.003
     0.003    -0.018     0.000    -0.004    -0.021     0.015     0.011
     0.004    -0.020     0.014     0.008    -0.022     0.014    -0.002
    -0.002    -0.022     0.025    -0.021    -0.017     0.033    -0.005
    -0.013     0.008     0.010    -0.014     0.016     0.015    -0.003
     0.036     0.018     0.012     0.048     0.006     0.005    -0.011
     0.021    -0.006     0.009     0.030     0.010     0.008     0.004
     0.018     0.001     0.011     0.028     0.010     0.001     0.008
     0.004    -0.018    -0.015    -0.012    -0.023    -0.005     0.004
     0.021     0.024    -0.036     0.015     0.035    -0.040     0.006
     0.005     0.009    -0.035    -0.008     0.004    -0.034    -0.007
    -0.004     0.016    -0.004    -0.014     0.020     0.002     0.009
     0.028    -0.062    -0.011     0.013    -0.054     0.025    -0.036
     0.001    -0.035     0.135    -0.006    -0.034     0.000    -0.138
     0.000    -0.038     0.006    -0.010    -0.000     0.016     0.035
    -0.005    -0.000     0.056    -0.016    -0.006     0.009    -0.055
     0.002    -0.022     0.005    -0.008    -0.026     0.013     0.014
     0.023    -0.022    -0.019     0.010    -0.034    -0.018    -0.017
     0.007     0.051    -0.104    -0.032     0.073    -0.088    -0.037
     0.003    -0.018    -0.059     0.004     0.006    -0.052     0.022
     0.029    -0.026     0.101     0.064     0.002     0.084    -0.045
     0.020    -0.022    -0.069    -0.020    -0.021    -0.056     0.017
     0.018     0.018    -0.014     0.027     0.029    -0.013     0.007
    -0.003     0.004    -0.035     0.002    -0.007    -0.019    -0.015
    -0.003    -0.001     0.082    -0.019    -0.008     0.072    -0.016
     0.023    -0.011    -0.022     0.023    -0.004    -0.017     0.000
     0.023    -0.038     0.118     0.079     0.002     0.052    -0.084
     0.056    -0.050    -0.062     0.046    -0.070    -0.021    -0.043
    -0.005    -0.030     0.030    -0.016    -0.031     0.045    -0.004
     0.000    -0.044     0.011    -0.010    -0.027     0.034    -0.029
     0.013     0.017    -0.037     0.030    -0.001    -0.023    -0.024
     0.019     0.028    -0.031     0.035     0.021    -0.025     0.014
     0.019     0.001     0.111    -0.020     0.021     0.103     0.045
     0.026    -0.058    -0.013    -0.003    -0.064     0.002    -0.026
    -0.019     0.033    -0.028    -0.032     0.012    -0.029     0.027
     0.031    -0.014    -0.000     0.020    -0.028    -0.003    -0.014
    -0.027    -0.015     0.058    -0.030    -0.013     0.062    -0.007
     0.025     0.017    -0.019     0.035     0.011    -0.016     0.011
    -0.026     0.015     0.149    -0.076     0.042     0.041    -0.111
     0.041    -0.007     0.011     0.047    -0.012     0.003     0.004
     0.044    -0.014    -0.050     0.041    -0.043    -0.027    -0.028
     0.025     0.004    -0.076     0.021     0.006    -0.068     0.003
     0.017    -0.012    -0.003     0.021    -0.006    -0.009     0.012
     0.009    -0.028    -0.021    -0.008    -0.020    -0.021     0.026
     0.037    -0.004    -0.019     0.041    -0.005    -0.016    -0.008
     0.026    -0.043     0.024     0.024    -0.044     0.003    -0.028
     0.009    -0.035     0.108     0.034    -0.037     0.109     0.022
     0.024    -0.032     0.000     0.033    -0.033     0.001     0.002
     0.021    -0.063     0.055    -0.006    -0.075     0.057     0.021
     0.026    -0.031     0.071     0.052    -0.034     0.021    -0.011
    -0.000    -0.005     0.061    -0.027     0.019     0.038    -0.038
     0.036    -0.050    -0.002     0.049    -0.052    -0.002    -0.006
    -0.001    -0.044    -0.020    -0.033    -0.025    -0.019     0.031
    -0.000    -0.006     0.060    -0.030     0.004     0.053    -0.032
    -0.012     0.006     0.094    -0.014    -0.014     0.097    -0.025
     0.030    -0.002     0.008     0.040     0.011     0.000     0.010
     0.002    -0.023     0.084    -0.028    -0.002     0.081    -0.037
     0.020    -0.037     0.087    -0.001    -0.039     0.084    -0.020
     0.022    -0.055     0.144     0.045    -0.091     0.029    -0.120
     0.028    -0.029     0.110     0.066    -0.004     0.032    -0.043
    -0.002     0.010    -0.025    -0.014     0.002    -0.003    -0.006
     0.026     0.003    -0.008     0.029     0.006    -0.015     0.009
     0.015    -0.026    -0.061    -0.013    -0.035    -0.046     0.041
     0.043    -0.036     0.030     0.046     0.003     0.041     0.035
     0.034    -0.015     0.026     0.045     0.003     0.011     0.002
     0.002    -0.029    -0.049    -0.011     0.007     0.000     0.007
     0.005    -0.015     0.030    -0.000    -0.027     0.036     0.005
     0.033    -0.009     0.019     0.014     0.012    -0.002     0.030
     0.018     0.022    -0.041     0.033     0.010    -0.033    -0.015
    -0.019    -0.002     0.052    -0.031     0.010     0.045    -0.012
    -0.014     0.021     0.066    -0.027     0.022     0.068    -0.006
     0.018     0.016     0.048     0.016     0.037     0.041    -0.019
     0.022    -0.023     0.014    -0.003     0.007     0.006    -0.036
     0.028    -0.054    -0.026     0.028    -0.065     0.008     0.025
     0.001     0.014     0.096     0.051     0.009     0.055    -0.037
     0.006    -0.053    -0.011    -0.013    -0.001    -0.005     0.048
     0.002    -0.020    -0.002    -0.003    -0.033     0.008     0.010
    -0.020     0.039     0.017    -0.030     0.048     0.018     0.013
     0.021    -0.025     0.020    -0.002    -0.016     0.017     0.027
    -0.005    -0.016     0.032    -0.005     0.005     0.034    -0.019
     0.027    -0.024    -0.006     0.031    -0.032    -0.009    -0.001
     0.021    -0.008    -0.064     0.010    -0.006    -0.060     0.009
     0.027    -0.016    -0.013     0.037    -0.015    -0.013     0.008
     0.029    -0.021    -0.083     0.041    -0.028    -0.075    -0.003
     0.021    -0.033     0.028     0.017    -0.043     0.039    -0.009
     0.030    -0.035     0.020     0.025    -0.045     0.027    -0.010
     0.020    -0.047    -0.050     0.006    -0.066    -0.028    -0.027
    -0.002     0.009     0.013     0.007     0.001    -0.002    -0.015
     0.013     0.030    -0.005    -0.009     0.033    -0.006    -0.014
    -0.008    -0.030     0.045    -0.005    -0.051     0.022    -0.018
     0.013    -0.041     0.038    -0.007    -0.029     0.041    -0.014
    -0.009     0.006     0.021    -0.004     0.012     0.021     0.001
    -0.017    -0.017     0.044    -0.024    -0.020     0.049     0.003
     0.030     0.018    -0.065     0.008     0.042    -0.065    -0.028
     0.023    -0.010     0.084     0.031     0.002     0.076    -0.017
     0.004     0.024     0.016    -0.000     0.030     0.010    -0.004
     0.016     0.025    -0.056     0.039     0.015    -0.049    -0.006
    -0.012    -0.018     0.064    -0.019    -0.005     0.063     0.013
     0.013     0.026    -0.013     0.012     0.033    -0.012    -0.005
     0.016     0.016    -0.057     0.030     0.016    -0.056    -0.006
     0.020    -0.031    -0.018     0.022    -0.032     0.000    -0.018
     0.003    -0.032     0.067    -0.030    -0.033     0.054    -0.033
     0.015    -0.028     0.020     0.016    -0.037     0.029     0.006
     0.002    -0.059    -0.023     0.009    -0.017     0.022     0.058
     0.045    -0.060    -0.059     0.045    -0.070    -0.001     0.039

Average norm of error per vector for sk, ck, and differences: 0.005	0.004	0.002
