
    -0.009     0.037     0.115    -0.023     0.064     0.122     0.017
     0.028     0.008    -0.027     0.046     0.020    -0.047    -0.000
    -0.023     0.047     0.110    -0.052     0.075     0.114     0.029
     0.016    -0.018    -0.002     0.046    -0.057     0.004     0.040
     0.008    -0.024     0.022     0.026    -0.054     0.025     0.022
    -0.002     0.026     0.041    -0.003     0.055     0.038    -0.015
     0.021     0.020     0.051     0.037     0.004     0.044     0.012
     0.019    -0.033     0.015     0.038    -0.055     0.022     0.013
     0.042    -0.008    -0.065     0.050    -0.063    -0.052     0.042
     0.014     0.042    -0.080    -0.042     0.034    -0.019     0.025
     0.004    -0.053     0.107    -0.005    -0.104     0.108     0.033
    -0.022    -0.001     0.076    -0.040     0.002     0.094    -0.006
    -0.000     0.022     0.033    -0.026     0.029     0.032     0.014
     0.035    -0.014    -0.098     0.044    -0.071    -0.033    -0.044
     0.021    -0.006     0.037     0.008    -0.016    -0.012    -0.038
     0.014     0.039     0.055     0.025     0.058     0.033     0.025
    -0.022    -0.014     0.042    -0.014     0.003     0.071    -0.020
    -0.008     0.021     0.042    -0.014     0.042     0.049    -0.003
     0.028    -0.016     0.075     0.039     0.021    -0.002    -0.065
    -0.007    -0.014     0.014    -0.029    -0.014     0.032     0.007
     0.017    -0.035     0.097     0.066    -0.067     0.097     0.043
     0.024     0.048     0.053     0.065     0.035     0.038    -0.027
     0.017     0.016     0.050     0.033     0.037     0.004     0.050
     0.004    -0.026     0.040     0.034    -0.056    -0.001     0.058
     0.029     0.026    -0.003     0.049     0.003    -0.012     0.027
     0.010    -0.022     0.031    -0.004    -0.005     0.021    -0.012
     0.001    -0.018     0.021     0.025    -0.032     0.027    -0.007
    -0.015     0.002     0.158    -0.035     0.081     0.109     0.095
    -0.017     0.002     0.068    -0.030     0.021     0.076    -0.012
    -0.006     0.041     0.023     0.005     0.085     0.005    -0.009
     0.009    -0.005     0.024    -0.009    -0.012     0.021    -0.015
     0.028     0.011     0.059     0.026    -0.018     0.009     0.002
     0.010     0.015     0.070    -0.009     0.039     0.050    -0.028
     0.034     0.005     0.046     0.035     0.033     0.017     0.040
     0.016     0.026     0.069     0.041    -0.001     0.019     0.061
    -0.000    -0.022     0.101     0.018    -0.065     0.106     0.027
     0.008    -0.031    -0.035    -0.017    -0.064    -0.020    -0.012
     0.015     0.022    -0.044    -0.014     0.056    -0.021    -0.004
    -0.009    -0.007    -0.096     0.028    -0.024    -0.089    -0.022
    -0.026    -0.005     0.039    -0.031    -0.007     0.057     0.004
    -0.026    -0.031     0.032    -0.024    -0.015     0.056     0.007
    -0.020     0.044     0.050    -0.043     0.081     0.056     0.024
    -0.026     0.017     0.094    -0.040     0.003     0.112     0.012
     0.013    -0.041     0.017     0.013    -0.065     0.025     0.008
     0.010     0.054     0.038     0.049     0.072     0.012     0.049
    -0.011     0.048    -0.067    -0.030     0.050     0.020     0.061
    -0.021    -0.006    -0.041    -0.031    -0.003    -0.020     0.012
    -0.021     0.062     0.019    -0.047     0.089     0.035     0.027
     0.025    -0.007     0.001     0.035     0.007    -0.016    -0.004
    -0.011     0.012     0.138    -0.036     0.043     0.136    -0.032
     0.004     0.037    -0.009     0.038     0.028    -0.019     0.024
    -0.006    -0.042     0.000     0.016    -0.078     0.007     0.022
     0.015     0.018     0.067     0.029     0.041     0.052     0.022
     0.024     0.011    -0.001     0.030     0.026    -0.003     0.010
     0.001     0.009    -0.027    -0.020     0.024    -0.018     0.001
    -0.019     0.004     0.087    -0.036    -0.008     0.094    -0.003
     0.033    -0.001     0.045     0.053     0.009     0.009     0.037
    -0.003    -0.002     0.124    -0.017    -0.010     0.121     0.020
    -0.005    -0.020     0.126     0.005    -0.067     0.134     0.007
     0.009     0.004     0.019     0.007     0.015     0.009     0.015
    -0.002     0.022     0.055     0.000     0.041     0.054     0.014
     0.001    -0.026     0.147    -0.013    -0.039     0.162     0.009
     0.006     0.026    -0.118    -0.043    -0.000    -0.018    -0.103
    -0.014    -0.018     0.018    -0.021    -0.011     0.032     0.019
    -0.010    -0.012     0.083    -0.026    -0.040     0.086    -0.015
     0.006     0.015     0.050     0.020     0.022     0.039     0.005
     0.037     0.019    -0.113     0.075    -0.007    -0.112    -0.042
     0.024     0.006    -0.066     0.035     0.040    -0.013    -0.055
     0.031    -0.000    -0.043     0.054    -0.034    -0.048     0.022
    -0.012    -0.034     0.035    -0.036    -0.066     0.050     0.019
     0.020     0.010     0.112     0.047     0.018     0.081    -0.021
     0.018    -0.013    -0.004     0.038    -0.007    -0.019     0.009
     0.008     0.030     0.049    -0.002     0.050     0.043    -0.001
     0.027     0.033    -0.115     0.077    -0.010    -0.092    -0.045
     0.023     0.005     0.015     0.038     0.011    -0.009    -0.014
     0.017    -0.008    -0.027     0.047    -0.001    -0.027     0.025
     0.030     0.028     0.083     0.029    -0.015     0.057     0.039
     0.010    -0.019    -0.048    -0.004    -0.045    -0.040    -0.022
     0.009     0.038    -0.075     0.012     0.068     0.001    -0.038
    -0.010    -0.028     0.034     0.018    -0.036     0.040     0.026
     0.037    -0.023    -0.038     0.049    -0.062    -0.036    -0.012
     0.040    -0.011     0.048     0.065    -0.011     0.039     0.015
     0.016     0.013     0.004     0.028     0.020    -0.005     0.006
     0.001    -0.012    -0.062    -0.010    -0.009     0.004     0.050
    -0.009     0.027    -0.021    -0.014     0.032     0.016    -0.034
     0.023    -0.023    -0.046     0.033    -0.062    -0.027    -0.023
    -0.014     0.003     0.064    -0.008    -0.011     0.068     0.008
     0.017     0.056     0.014     0.059     0.036    -0.009     0.014
    -0.013    -0.032     0.034     0.008    -0.084     0.033     0.040
    -0.020     0.016    -0.026    -0.033     0.003    -0.011    -0.006
    -0.018     0.007    -0.010    -0.029    -0.005     0.005    -0.002
     0.014     0.033     0.043     0.057     0.037     0.007    -0.031
     0.003     0.020     0.047     0.022     0.040     0.025    -0.033
    -0.005    -0.005    -0.014    -0.010    -0.011     0.004    -0.008
    -0.019     0.003     0.021    -0.035     0.025     0.028     0.012
     0.002    -0.015    -0.068     0.026    -0.055    -0.072     0.033
    -0.014     0.017    -0.054    -0.003     0.026    -0.039    -0.017
     0.020    -0.027     0.065     0.065    -0.002     0.028    -0.014
    -0.005    -0.026     0.035    -0.004    -0.076     0.053     0.011
     0.002     0.021     0.061     0.022     0.041     0.046    -0.016
    -0.009     0.008     0.057    -0.023     0.004     0.066     0.007
    -0.004     0.020     0.069     0.016     0.048     0.041    -0.037
     0.032     0.010     0.012     0.052    -0.000     0.004     0.003
     0.004    -0.025    -0.008     0.006    -0.036     0.014    -0.013
     0.005    -0.024     0.099    -0.021    -0.045     0.109    -0.008
    -0.007     0.007     0.056    -0.045     0.019     0.054     0.001
     0.017     0.044     0.042     0.054     0.028     0.016    -0.024
     0.001     0.012    -0.021     0.017     0.017    -0.027    -0.009
     0.019    -0.004     0.093    -0.013     0.014     0.075     0.041
     0.012    -0.029    -0.054     0.045    -0.006    -0.056    -0.017
     0.000     0.053    -0.080    -0.053     0.089    -0.061     0.060
     0.001    -0.006    -0.034    -0.003    -0.020    -0.001    -0.004
     0.035     0.017     0.040     0.053     0.004     0.018    -0.013
     0.018    -0.015     0.033     0.030    -0.001     0.022     0.007
     0.002     0.025     0.052    -0.010     0.046     0.001    -0.025
     0.041     0.019    -0.037     0.047     0.036    -0.057     0.020
     0.016    -0.023     0.031     0.038    -0.000     0.019    -0.022
    -0.017    -0.022     0.009     0.003    -0.042     0.008     0.026
     0.022     0.021     0.055     0.039     0.022     0.046     0.008
     0.013     0.036     0.060    -0.001     0.073     0.013    -0.043
     0.022    -0.039     0.048     0.050    -0.062     0.046     0.018
     0.013    -0.036     0.066     0.021     0.005     0.062     0.036
     0.006    -0.053    -0.008     0.031    -0.109    -0.004     0.014
     0.026     0.005    -0.009     0.037     0.004    -0.018     0.022
    -0.014    -0.041     0.035    -0.036    -0.079     0.043    -0.001
     0.026     0.024     0.024     0.030     0.031    -0.003     0.024
    -0.022     0.014     0.080    -0.045    -0.005     0.088    -0.019
    -0.007    -0.027     0.051     0.044    -0.041     0.049     0.043
     0.030    -0.017     0.035     0.047    -0.049     0.037     0.006
    -0.006     0.015     0.056    -0.016     0.034     0.066     0.023
     0.010     0.027    -0.009     0.025     0.031    -0.022     0.002
     0.003    -0.024     0.050    -0.016    -0.024     0.040     0.023
    -0.012     0.036    -0.019    -0.033     0.038    -0.026    -0.010
     0.012     0.001    -0.004     0.025    -0.001    -0.013     0.011
    -0.008    -0.025     0.066    -0.020    -0.039     0.059     0.017
     0.007    -0.025     0.076     0.046    -0.005     0.066     0.035
    -0.013     0.005    -0.034     0.012     0.002    -0.034    -0.008
     0.029    -0.002    -0.060     0.048    -0.027    -0.003    -0.005
     0.029    -0.027     0.027     0.046    -0.054     0.013     0.026
     0.016    -0.024    -0.048     0.023    -0.072    -0.048     0.044
     0.021     0.008     0.000     0.036    -0.012    -0.004    -0.005
     0.016    -0.025     0.028     0.013    -0.059     0.029     0.013
     0.002    -0.014     0.014     0.009    -0.044     0.015    -0.004
    -0.010     0.025    -0.034    -0.012     0.049    -0.028     0.019
     0.018     0.034    -0.029     0.003     0.058    -0.018     0.028
    -0.008     0.023    -0.038    -0.016     0.014    -0.037    -0.007
    -0.007     0.026    -0.010    -0.010     0.041    -0.008     0.003
     0.005     0.061     0.006     0.050     0.070     0.002    -0.021
    -0.014    -0.021     0.129    -0.024    -0.063     0.148     0.042
     0.019     0.004     0.000     0.026    -0.000    -0.008    -0.001
     0.006     0.033    -0.031    -0.023     0.049    -0.012    -0.029
    -0.003     0.053    -0.025    -0.019     0.078    -0.031     0.010
    -0.001     0.003    -0.015     0.001    -0.004    -0.013    -0.002
     0.007    -0.032     0.073    -0.029    -0.050     0.071     0.034
     0.004    -0.017    -0.085     0.037    -0.043    -0.071     0.022
     0.026     0.041    -0.040    -0.003     0.073    -0.038    -0.028
     0.031    -0.013    -0.006     0.047    -0.035    -0.015     0.019
     0.027    -0.028    -0.072     0.054    -0.002    -0.072    -0.017
     0.014     0.031    -0.044    -0.009     0.054    -0.046    -0.010
    -0.026     0.041     0.035    -0.053     0.003     0.045     0.037
     0.005    -0.008    -0.018     0.009     0.008    -0.027    -0.011
     0.006    -0.020     0.042     0.048    -0.066     0.043     0.002
    -0.022     0.046     0.128    -0.032     0.112     0.088    -0.047
     0.009    -0.009    -0.026     0.002    -0.039    -0.027     0.018
    -0.025     0.040     0.054    -0.044     0.092     0.042    -0.003
     0.028     0.018     0.038     0.046     0.013    -0.005     0.040
     0.030    -0.024     0.002     0.049    -0.047    -0.002     0.009
     0.015    -0.026    -0.092     0.035    -0.065     0.005    -0.007
     0.018    -0.031    -0.046     0.016    -0.072    -0.033    -0.012
     0.012     0.046    -0.109     0.042     0.054    -0.119     0.032
     0.025     0.021    -0.048     0.038     0.034    -0.021    -0.029
     0.000     0.011    -0.020    -0.005     0.006     0.001     0.025
    -0.019    -0.008     0.067    -0.061     0.000     0.042    -0.035
    -0.006     0.053     0.009    -0.039     0.096     0.028     0.034
     0.002     0.034    -0.002    -0.013     0.038    -0.010    -0.013
     0.031     0.003     0.023     0.028    -0.023    -0.003    -0.025
     0.027    -0.029     0.030     0.063    -0.034     0.027     0.014
    -0.021     0.044     0.008    -0.060     0.070     0.024     0.018
     0.033    -0.000     0.021     0.031    -0.031     0.005    -0.018
     0.004     0.043    -0.003     0.005     0.049     0.023     0.019
    -0.003     0.021    -0.061    -0.031     0.008    -0.032     0.037
    -0.009    -0.024     0.005    -0.058    -0.033    -0.014     0.025
    -0.009     0.012     0.027    -0.019     0.011     0.038     0.009
     0.009     0.022     0.073     0.025     0.022     0.058     0.006
     0.025    -0.005    -0.013     0.044    -0.011    -0.015     0.011
     0.008    -0.021    -0.018     0.019    -0.045    -0.018     0.003
    -0.027    -0.003     0.067    -0.000    -0.002     0.080    -0.012
     0.009     0.027     0.051     0.003     0.051     0.003    -0.022
    -0.001     0.025     0.115     0.002     0.087     0.073    -0.058
    -0.001     0.039     0.071    -0.029     0.056     0.033    -0.029
     0.010    -0.008    -0.009     0.029    -0.036    -0.016     0.014
     0.005    -0.006     0.031    -0.009    -0.010     0.047     0.004
    -0.002     0.003     0.051    -0.028     0.031     0.043    -0.004
     0.012     0.037    -0.005     0.049     0.038    -0.026     0.006
    -0.011     0.011     0.009    -0.007    -0.001     0.016     0.006
    -0.022     0.028     0.045    -0.040    -0.011     0.059    -0.031
     0.019    -0.008    -0.020     0.024    -0.032    -0.006     0.001
    -0.003     0.052    -0.013    -0.015     0.094    -0.023     0.009
    -0.004     0.042     0.027    -0.028     0.075     0.003    -0.010
     0.054    -0.009    -0.082     0.048    -0.065    -0.075    -0.045

Average norm of error per vector for sk, ck, and differences: 0.005	0.005	0.002
