
    -2.508    -1.252   -26.282    -1.531    -0.762   -26.989     1.302
    32.357    12.114   -15.040    34.713    13.184   -15.937     2.739
   -23.201   -34.578   -21.101   -23.386   -32.252   -21.565     2.380
   -23.765   -14.169   -51.515   -23.788   -13.855   -48.498     3.034
    16.387     4.567    58.698    16.421     4.309    63.042     4.352
   -31.074   -25.580   -10.873   -30.434   -24.670   -11.710     1.392
    20.122     5.256   -31.789    21.808     5.695   -29.571     2.820
    -9.686    17.748    12.155    -8.521    17.190    14.031     2.278
   -19.071    15.564    20.363   -16.367    16.045    21.066     2.835
     7.548    20.324    43.074     7.477    20.801    43.150     0.488
    29.787    -8.330    -8.927    30.216    -8.781    -8.754     0.646
    -2.062   -19.645   -29.914    -0.777   -20.307   -30.135     1.463
   -21.727    -7.384    -3.272   -21.289    -7.497    -3.840     0.726
   -21.650    -3.340    -8.421   -22.586    -2.414    -7.388     1.674
   -40.115   -20.215   -43.693   -36.915   -18.178   -40.742     4.806

