
    20.799    -5.102    27.439    20.630    -4.774    27.397     0.371
    34.289     5.637   -20.830    34.900     5.660   -21.185     0.707
    19.231    19.380    25.511    20.342    21.157    25.782     2.113
    -4.051   -18.775    -3.761    -4.268   -16.328    -5.190     2.842
    -8.554     0.580    28.132    -7.877     0.681    27.989     0.699
    -1.137    16.166     5.506    -1.369    16.407     5.388     0.355
    -0.358    -6.721    44.349    -0.174    -6.303    44.331     0.458
    16.860    -3.009    47.181    17.488    -3.719    47.262     0.951
    -3.662    -3.655    63.304    -3.493    -3.541    63.012     0.356
   -32.438   -10.200    -9.963   -32.920   -10.255    -7.503     2.508
    -3.674   -28.450   -23.401    -5.049   -26.316   -23.616     2.547
     1.066   -21.508   -14.896    -0.022   -19.638   -15.401     2.221
    -0.295    -8.346    52.369     0.525    -6.461    52.542     2.063
   -12.750   -27.891   -13.191   -13.088   -26.667   -13.734     1.381
    12.945    -6.594    53.518    12.723    -6.194    53.533     0.458

