
     2.128    -7.155    55.014     2.127    -7.161    55.014     0.007
    -6.685   -24.906   -17.061    -6.685   -24.906   -17.061     0.000
   -28.770   -31.035   -22.310   -28.770   -31.035   -22.310     0.000
   -29.655   -30.466   -21.745   -29.655   -30.466   -21.745     0.001
    12.062     0.372    63.091    12.061     0.372    63.086     0.004
    36.405     7.146   -17.196    36.403     7.145   -17.195     0.003
    -2.635     0.356   -27.826    -2.638     0.355   -27.823     0.004
    -3.106   -10.214    13.384    -3.106   -10.215    13.384     0.001
    31.312    10.511   -26.140    31.313    10.511   -26.140     0.001
    -7.646    -7.245    14.892    -7.645    -7.244    14.892     0.002
   -31.381   -23.859   -11.555   -31.382   -23.859   -11.555     0.001
    11.564   -15.408   -13.332    11.564   -15.405   -13.331     0.004
    37.887    11.357     6.446    37.886    11.356     6.446     0.001
   -15.761   -15.921   -47.696   -15.761   -15.921   -47.697     0.001
    23.175   -12.566   -20.726    23.173   -12.563   -20.724     0.004

