
    24.978    -6.564    14.114    24.739    -5.857    13.989     0.757
     4.891    -8.926    35.996     4.730    -7.185    35.885     1.752
     2.009    -5.325   -27.636     1.218    -5.809   -27.023     1.112
   -31.653   -22.635   -47.539   -30.319   -20.684   -44.760     3.649
   -21.120   -27.134   -12.588   -21.159   -27.630   -12.162     0.655
   -25.181   -33.170   -21.190   -24.976   -32.058   -21.555     1.188
    20.809    23.117   -18.977    21.182    24.860   -19.312     1.813
   -40.908   -15.466   -35.564   -39.849   -15.380   -35.473     1.066
   -17.242   -19.191    -8.722   -16.726   -20.113    -7.307     1.766
    33.515     9.247   -22.230    33.826     9.336   -22.376     0.355
    13.542    23.651   -11.547    13.296    24.049   -11.687     0.488
     7.603    23.839     4.600     6.939    24.668     4.359     1.089
    -9.537   -30.712   -27.808   -10.027   -29.780   -27.643     1.066
     9.502     7.034    60.101     9.499     6.828    62.893     2.799
    -7.435     9.209    43.443    -7.025     9.210    43.435     0.410

