
    24.506    20.684    15.946    24.616    20.774    15.988     0.148
     4.664   -10.041    18.219     4.564    -9.472    18.044     0.604
    27.839    -5.099   -28.238    27.230    -3.901   -26.779     1.984
    25.486   -11.965    -1.405    25.406   -11.278    -1.746     0.771
   -38.127   -21.506   -21.254   -39.315   -22.319   -21.086     1.450
     9.896   -17.100    -6.472    10.092   -16.318    -6.492     0.806
   -28.806     5.137   -39.048   -28.993     5.816   -39.543     0.861
   -27.335    -6.089   -11.047   -27.652    -4.860    -9.187     2.252
    -4.862     6.945    60.110    -6.921     7.349    60.271     2.105
     3.534    18.288    51.191     3.269    19.201    51.348     0.963
   -28.507     3.212   -42.176   -28.508     3.214   -42.179     0.003
   -16.033   -11.683   -51.021   -16.579   -11.439   -48.640     2.455
    27.267    13.274   -30.329    26.820    12.523   -29.147     1.470
    -4.953     1.206    55.558    -6.222     0.764    55.563     1.343
     0.787    -6.188    46.475     0.617    -6.571    46.487     0.420
    -5.645     5.468    57.994    -7.093     5.473    58.034     1.449
    29.226    21.479   -15.330    29.234    21.492   -15.330     0.016
    15.551     5.087    61.136    15.589     4.973    63.097     1.965
     0.694    16.567    54.667    -0.101    17.571    54.884     1.299
    29.411    -7.842     9.330    29.218    -6.874     9.070     1.021

