
    -8.085    -0.767    62.116    -5.677    -0.710    62.198     2.410
     2.200    14.482    -4.808     2.682    13.981    -4.516     0.754
    -6.498    -2.869   -41.581    -6.581    -2.927   -41.484     0.140
    11.495    25.988    -1.649    11.416    26.105    -1.686     0.146
    36.409     6.469   -10.141    38.124     6.970   -10.833     1.916
    -4.471    11.738    61.918    -4.473    11.739    61.924     0.006
   -34.892    -1.749   -44.083   -34.313    -2.161   -43.033     1.268
    22.752    -1.150    26.596    24.066    -2.521    27.021     1.946
   -11.901     6.226    28.955    -9.617     7.186    28.168     2.600
    -4.816   -19.990   -11.263    -4.726   -20.188   -11.130     0.256
   -33.806   -29.049   -20.427   -33.262   -28.194   -20.606     1.029
   -36.869     4.807   -30.310   -36.975     4.915   -30.360     0.159
   -18.859   -28.641   -42.917   -19.123   -27.008   -41.546     2.149
     0.299    23.411    13.816     0.408    23.200    13.953     0.275
    29.059    -5.476   -25.593    29.060    -5.447   -25.565     0.040

