
   -11.071   -29.338   -25.984   -10.712   -30.117   -25.877     0.865
   -17.396    17.523    25.240   -16.455    17.345    25.202     0.958
     7.301    -9.775   -24.577     6.881    -9.034   -23.465     1.401
    23.283    -2.170    25.679    24.005    -2.924    25.913     1.069
    -5.316   -21.053   -39.716    -5.685   -20.749   -39.427     0.559
   -11.414     7.278   -12.542   -11.467     7.460   -12.495     0.195
   -11.466     8.763   -34.100   -11.613     8.422   -34.000     0.384
    36.430    -2.675     3.815    36.524    -2.756     3.803     0.125
   -28.760     3.809   -16.148   -28.620     4.276   -14.000     2.203
   -32.988   -13.464    -9.680   -33.474   -13.825    -7.830     1.947
    22.453   -16.180   -14.619    22.337   -15.621   -14.577     0.572
    15.185    -2.825    55.551    16.043    -4.284    55.683     1.698
   -12.934     9.080    16.285   -11.746     9.322    16.460     1.225
    -3.116    -2.862    61.422    -4.018    -3.617    61.343     1.179
   -29.746     1.746   -15.357   -29.970     2.584   -13.544     2.010

