
    18.888     9.484    55.289    21.722     9.975    55.641     2.897
     5.114    23.918     8.619     4.863    24.266     8.539     0.437
   -43.212   -18.245   -12.711   -39.725   -16.889   -15.118     4.449
     2.617    18.839    -2.507     4.120    17.962    -1.404     2.060
   -38.051   -12.899   -42.397   -37.826   -12.826   -42.260     0.273
   -35.445    -2.261   -11.954   -35.524    -2.197   -11.799     0.185
   -40.235    -1.858   -33.643   -40.632    -1.744   -33.807     0.445
     0.192    10.367    63.477     0.193    10.362    63.325     0.152
    -8.770    -3.438    34.307    -6.350    -2.631    33.814     2.598
   -13.469    15.137    37.520   -12.028    15.917    36.129     2.149
   -40.766   -28.185   -16.931   -36.682   -24.752   -18.883     5.681
    18.145   -11.834     5.498    17.701   -10.999     5.109     1.023
   -46.924    -8.704   -22.329   -43.994    -8.779   -23.213     3.061
     3.503    22.511    20.456     3.555    23.995    20.653     1.498
    22.682   -16.349    -5.732    21.889   -15.372    -6.141     1.324
    34.482    -2.853     9.770    34.843    -3.149    10.126     0.587
    -8.601   -25.835   -36.433    -8.383   -26.112   -36.638     0.407
    32.279    -4.065    10.711    32.655    -4.404    11.131     0.658
   -17.340   -32.448   -13.134   -18.197   -29.330   -15.111     3.790
    -9.804   -21.588   -40.553    -8.922   -22.440   -41.513     1.557

