
    -4.114    -9.392    10.925    -4.357   -10.052    11.018     0.709
   -40.900   -17.208   -33.710   -39.978   -17.461   -33.733     0.957
     1.915   -15.914   -23.278     2.618   -16.314   -23.595     0.869
    34.631    15.211    -4.161    34.819    15.394    -4.152     0.263
     8.075     7.392    62.189     8.116     7.306    63.002     0.818
    -1.819    25.116    17.972    -1.982    23.631    18.343     1.540
   -26.791    -6.635    -7.419   -26.693    -6.691    -7.586     0.201
    20.919    15.214    40.620    21.542    15.599    40.686     0.735
    -6.029    -1.723    62.703    -5.519    -1.533    62.145     0.779
    -2.673    -1.597   -28.150    -2.266    -1.393   -28.444     0.542
   -45.010   -13.175   -26.686   -43.790   -13.438   -25.915     1.467
   -29.866   -30.618   -30.063   -29.892   -30.677   -30.075     0.065
    21.551   -10.626    -2.288    22.235   -11.953    -1.394     1.740
    21.313    21.940   -26.916    21.089    21.707   -26.661     0.412
    15.245    -2.947    42.527    16.031    -5.278    42.672     2.465
    15.800    -4.821   -22.648    15.829    -4.840   -22.422     0.228
   -40.058    -6.733   -13.460   -39.722    -6.823   -13.685     0.414
     4.085    15.048    62.369     4.109    15.027    63.153     0.785
   -21.521   -11.401   -50.235   -21.582   -11.356   -49.599     0.640
   -32.531     4.326   -14.576   -32.497     4.284   -14.641     0.085

