
   -10.544   -26.193   -15.093   -10.543   -26.195   -15.091     0.003
     3.935    -7.339    55.302     3.935    -7.339    55.302     0.000
    17.466    26.903    -3.570    17.466    26.902    -3.570     0.001
   -10.756   -29.176   -20.730   -10.756   -29.175   -20.731     0.001
    26.312    20.793    13.311    26.313    20.794    13.311     0.002
   -21.912   -18.517    -6.400   -21.912   -18.517    -6.398     0.002
    24.950    15.804   -28.032    24.949    15.804   -28.031     0.001
    -1.402    16.399    55.549    -1.402    16.399    55.549     0.000
    14.755    -2.186   -22.180    14.755    -2.186   -22.180     0.001
   -27.893   -11.120    -6.621   -27.893   -11.120    -6.620     0.002
    -6.850     8.313    45.588    -6.845     8.312    45.587     0.005
    -8.488     7.180   -26.549    -8.489     7.179   -26.549     0.001
    20.356   -12.159   -20.761    20.355   -12.160   -20.762     0.002
    20.718   -14.505   -17.270    20.718   -14.505   -17.270     0.000
    17.356    10.396   -27.789    17.356    10.395   -27.790     0.001
    26.104     5.334    31.140    26.104     5.334    31.141     0.000
     5.841    -7.002    46.522     5.841    -7.000    46.522     0.002
   -29.615   -24.086   -10.533   -29.614   -24.085   -10.534     0.001
    36.676    13.030     7.140    36.675    13.030     7.140     0.000
   -13.419     5.512    -8.322   -13.418     5.510    -8.322     0.003
    37.473    -1.117    -0.808    37.470    -1.113    -0.808     0.005
    37.393     2.926   -14.360    37.392     2.926   -14.359     0.002
    20.772     3.241   -26.820    20.772     3.241   -26.820     0.000
   -27.116   -12.136    -6.333   -27.116   -12.136    -6.332     0.001
    -4.283   -25.921   -26.772    -4.283   -25.921   -26.772     0.001
   -10.535     7.056    -9.852   -10.535     7.054    -9.852     0.003
   -39.740   -12.555   -35.603   -39.737   -12.554   -35.603     0.003
    37.583    -1.179    -4.410    37.582    -1.179    -4.410     0.001
     2.093    -6.804    45.868     2.092    -6.810    45.868     0.006
    16.181     2.639   -21.712    16.181     2.639   -21.711     0.001
    12.384    -6.256    45.921    12.385    -6.259    45.921     0.003
   -12.047   -27.768   -16.141   -12.047   -27.764   -16.143     0.004
    -3.537    19.051    11.228    -3.535    19.050    11.230     0.003
    12.024   -10.891     8.632    12.024   -10.891     8.632     0.000
   -38.547   -18.888   -37.580   -38.545   -18.887   -37.579     0.003
   -21.638   -20.068    -6.673   -21.638   -20.069    -6.672     0.001
    28.718    -1.496    18.790    28.719    -1.497    18.791     0.002
    14.216    23.599    21.734    14.215    23.598    21.733     0.001
    39.730     4.757     3.024    39.729     4.757     3.024     0.000
    14.698   -11.676     5.460    14.698   -11.677     5.461     0.001
    -4.872    -2.569    61.721    -4.871    -2.569    61.721     0.000
    17.283    26.235     7.288    17.283    26.237     7.288     0.002
   -16.166   -12.392    -3.069   -16.167   -12.392    -3.069     0.000
     2.552    24.091    15.412     2.550    24.097    15.410     0.006
    37.758    11.107    -6.192    37.758    11.108    -6.192     0.000
    -5.101    -0.712    62.718    -5.101    -0.712    62.718     0.000
   -31.403    -8.545    -7.180   -31.405    -8.544    -7.179     0.002
   -43.613    -5.510   -23.096   -43.613    -5.510   -23.096     0.000
    -5.727   -26.807   -24.071    -5.728   -26.805   -24.071     0.003
    32.260    18.352    -4.040    32.265    18.356    -4.040     0.006
    -0.937    -3.544   -28.229    -0.938    -3.545   -28.228     0.002
    10.591    -6.936    25.541    10.592    -6.939    25.541     0.003
   -36.610     5.735   -25.432   -36.611     5.735   -25.432     0.001
    31.767    13.750   -22.792    31.768    13.751   -22.793     0.002
   -39.792   -19.466   -17.399   -39.793   -19.466   -17.399     0.001
    33.023     6.557   -24.463    33.024     6.557   -24.464     0.001
     4.262   -16.143   -20.843     4.263   -16.144   -20.843     0.002
    -0.823    21.862    35.082    -0.823    21.862    35.081     0.000
   -31.563     5.522   -15.110   -31.564     5.522   -15.110     0.001
   -42.152   -17.307   -28.772   -42.150   -17.306   -28.771     0.002
   -37.588   -11.464   -10.552   -37.586   -11.464   -10.554     0.003
   -16.919    10.694   -34.469   -16.919    10.692   -34.468     0.002
    21.303     0.701    48.760    21.299     0.703    48.759     0.005
    19.104    23.915    14.518    19.104    23.915    14.518     0.000
    25.340    23.613     5.749    25.339    23.610     5.748     0.003
   -21.308   -30.644   -16.493   -21.308   -30.645   -16.492     0.001
    -9.717    -1.579    17.690    -9.716    -1.579    17.690     0.001
    12.969    16.613   -17.669    12.970    16.613   -17.669     0.001
   -34.952   -24.529   -15.976   -34.953   -24.530   -15.975     0.001
   -14.435    21.898    23.301   -14.435    21.898    23.301     0.001
    -3.947   -10.281    10.523    -3.944   -10.274    10.522     0.008
    28.268    16.389   -24.781    28.266    16.387   -24.779     0.003
    33.560    17.174     5.880    33.558    17.172     5.879     0.003
    26.240    20.184    14.371    26.240    20.184    14.371     0.000
    10.376    21.771    39.001    10.375    21.777    39.001     0.006
    26.846    -4.166   -26.460    26.847    -4.163   -26.457     0.004
    27.535    22.148   -18.226    27.537    22.150   -18.226     0.003
    29.114    20.646     9.018    29.114    20.647     9.018     0.001
   -40.812   -12.223   -30.312   -40.812   -12.223   -30.312     0.000
    -3.238    15.395    51.669    -3.237    15.394    51.669     0.002
     6.291    17.990    62.768     6.291    17.989    62.768     0.001
    32.686    12.615    12.590    32.687    12.615    12.591     0.001
   -24.839    11.298   -21.161   -24.837    11.291   -21.161     0.007
    20.782     3.795    60.398    20.784     3.795    60.398     0.002
    35.955    -2.984     8.177    35.955    -2.985     8.177     0.001
    35.304    14.927    -5.783    35.306    14.928    -5.783     0.003
    -6.392     1.003    41.921    -6.393     1.003    41.921     0.001
    -9.457   -25.187   -14.331    -9.458   -25.185   -14.332     0.003
   -14.167     9.185   -18.182   -14.167     9.185   -18.182     0.001
    -5.846    -0.379    47.851    -5.849    -0.380    47.851     0.004
    18.089    22.565    24.438    18.089    22.565    24.438     0.000
    29.966     0.044   -27.685    29.966     0.045   -27.684     0.001
    26.771    10.715    26.437    26.774    10.716    26.438     0.003
   -26.868   -27.313   -39.873   -26.869   -27.315   -39.875     0.003
    37.134     4.024   -14.463    37.135     4.024   -14.463     0.001
     4.769    -6.566   -24.328     4.767    -6.567   -24.325     0.004
    -2.349    -0.062   -27.662    -2.348    -0.062   -27.663     0.001
    31.245    15.413    12.630    31.248    15.414    12.632     0.003
   -37.229   -17.428   -11.889   -37.229   -17.428   -11.889     0.001
    23.940    24.263     5.668    23.939    24.260     5.668     0.003
    -7.352   -25.295   -36.523    -7.353   -25.294   -36.522     0.002
    31.925    11.519   -24.658    31.922    11.518   -24.656     0.003
     2.324    -6.831    45.764     2.324    -6.825    45.764     0.006
    10.372   -16.393    -8.713    10.371   -16.398    -8.713     0.005
    37.971    -0.860   -11.732    37.977    -0.863   -11.734     0.007
    -4.323    11.963     2.061    -4.322    11.962     2.062     0.002
    38.573     1.926   -11.990    38.570     1.926   -11.989     0.003
   -23.407     3.543   -13.368   -23.407     3.543   -13.369     0.001
    25.056    23.395     7.251    25.056    23.395     7.251     0.000
     8.049    22.762    29.123     8.049    22.766    29.124     0.005
    35.577     0.015    11.312    35.576     0.015    11.312     0.001
   -15.977    19.922    24.622   -15.979    19.923    24.622     0.002
   -38.147     3.713   -22.419   -38.146     3.712   -22.419     0.002
    -7.778    19.919    14.791    -7.778    19.919    14.791     0.001
    31.435     2.169   -26.483    31.436     2.169   -26.483     0.001
    -2.167    -7.705   -34.010    -2.169    -7.705   -34.010     0.002
   -16.288    11.133   -32.099   -16.287    11.135   -32.100     0.002
   -42.000   -14.100   -18.379   -42.000   -14.100   -18.379     0.000
   -12.622   -23.625   -43.003   -12.622   -23.624   -43.003     0.001
    27.171    10.325    25.458    27.170    10.325    25.458     0.001
   -34.868   -22.199   -12.843   -34.870   -22.200   -12.842     0.002
    31.466    19.356    -2.507    31.461    19.353    -2.507     0.005
   -16.188    -1.306   -46.980   -16.188    -1.306   -46.980     0.000
     6.194     6.326   -16.552     6.194     6.327   -16.553     0.001
   -14.372    11.146   -26.111   -14.373    11.144   -26.111     0.002
   -23.879    -8.709    -5.571   -23.880    -8.709    -5.570     0.001
    19.396    20.427    31.969    19.396    20.428    31.969     0.001
    14.384    -5.887    41.330    14.384    -5.886    41.330     0.001
   -38.050    -2.285   -39.336   -38.051    -2.284   -39.337     0.001
   -38.839   -17.726   -14.413   -38.839   -17.726   -14.413     0.000
    -7.827    12.238    39.901    -7.826    12.238    39.901     0.001
    21.402    -1.014    42.558    21.404    -1.016    42.558     0.003
    11.479    22.744    29.228    11.479    22.744    29.228     0.001
    32.796    12.936   -21.949    32.797    12.936   -21.950     0.000
     9.433    11.715   -11.339     9.433    11.715   -11.339     0.000
    18.121    17.074   -30.779    18.121    17.075   -30.780     0.001
    -7.268    22.351    17.301    -7.269    22.354    17.299     0.004
    11.539    23.271    25.321    11.539    23.276    25.322     0.005
   -34.658     0.799   -40.676   -34.659     0.800   -40.677     0.002
   -28.992   -31.127   -23.100   -28.993   -31.128   -23.100     0.002
   -43.423   -14.087   -24.110   -43.425   -14.088   -24.109     0.002
    -6.089     1.350    60.032    -6.092     1.349    60.033     0.002
    28.930    20.204   -20.482    28.928    20.203   -20.481     0.002
   -11.393   -28.877   -34.831   -11.394   -28.875   -34.830     0.003
    27.301     0.624    24.292    27.298     0.625    24.291     0.003
    28.747    17.624    13.781    28.747    17.624    13.781     0.000
    -5.183   -18.008    -8.300    -5.183   -18.005    -8.302     0.003
    15.556    24.575   -15.729    15.558    24.571   -15.728     0.004
   -31.245   -12.697   -46.840   -31.244   -12.697   -46.840     0.000
    17.782    14.746   -30.979    17.781    14.745   -30.980     0.002
    31.678    12.156    13.928    31.677    12.156    13.927     0.002
    24.546    12.805    32.421    24.545    12.804    32.421     0.002
   -37.288     2.836   -34.229   -37.288     2.836   -34.229     0.000
   -21.815     3.034   -44.057   -21.815     3.034   -44.058     0.001
     5.376    -4.465   -23.528     5.374    -4.465   -23.524     0.004
    12.186    26.116    -4.488    12.188    26.111    -4.487     0.005
    -6.486    21.407    15.643    -6.486    21.409    15.642     0.002
   -19.321   -27.746   -12.463   -19.322   -27.744   -12.465     0.003
    -3.382   -23.845   -30.403    -3.382   -23.844   -30.403     0.001
    -1.518    17.574    48.639    -1.519    17.574    48.639     0.000
    23.360    21.619    16.041    23.360    21.619    16.041     0.000
    -7.101     5.638    60.428    -7.101     5.638    60.428     0.000
   -15.380   -10.709    -1.170   -15.378   -10.707    -1.172     0.004
    -1.781    -0.394   -27.073    -1.778    -0.392   -27.075     0.004
   -11.919   -15.895    -4.793   -11.919   -15.894    -4.794     0.001
    13.959    -6.444    26.128    13.960    -6.449    26.129     0.006
    18.396    18.235    45.951    18.398    18.236    45.951     0.002
    23.093    22.023    15.359    23.092    22.022    15.359     0.001
    12.370    25.394    -7.428    12.370    25.393    -7.428     0.001
     9.541    23.221    26.129     9.541    23.219    26.129     0.002
   -22.861    11.959   -29.548   -22.861    11.960   -29.549     0.001
    14.811   -17.266    -9.460    14.811   -17.267    -9.460     0.001
   -21.662    -3.703   -47.542   -21.662    -3.703   -47.541     0.000
   -18.150   -30.637   -16.994   -18.150   -30.637   -16.994     0.001
    -3.117     9.064   -11.099    -3.117     9.061   -11.099     0.003
    14.531    11.630    63.158    14.531    11.630    63.156     0.002
   -41.133   -16.178   -30.880   -41.133   -16.179   -30.879     0.001
    10.711    20.856    54.279    10.711    20.850    54.278     0.006
    21.034   -10.685   -21.650    21.034   -10.685   -21.651     0.001
    -3.958    13.767    59.814    -3.960    13.768    59.814     0.002
     6.024   -14.805   -20.150     6.024   -14.805   -20.150     0.001
    15.206    -5.563    42.458    15.208    -5.569    42.458     0.006
    32.251     4.709   -25.582    32.252     4.709   -25.583     0.002
    16.587    -6.228    25.312    16.586    -6.223    25.311     0.004
    -5.935    10.666     2.158    -5.933    10.664     2.159     0.003
   -14.789    14.155    31.519   -14.787    14.155    31.518     0.002
     6.422   -14.917   -19.101     6.423   -14.917   -19.101     0.001
    17.311     8.274    63.138    17.310     8.274    63.136     0.001
     7.516    17.675    -7.207     7.515    17.675    -7.207     0.001
    39.011     0.495    -9.760    39.011     0.494    -9.760     0.001
    -9.008     7.113   -31.349    -9.007     7.114   -31.349     0.002
    31.485    15.117    12.482    31.485    15.117    12.482     0.001
    25.750    13.360   -29.021    25.750    13.359   -29.020     0.002
    16.981    22.528   -27.865    16.981    22.528   -27.865     0.000
    -8.602   -23.719   -13.127    -8.603   -23.719   -13.127     0.001
     0.263    24.042    21.574     0.263    24.043    21.574     0.001
     4.194    24.295    11.218     4.193    24.295    11.218     0.001
   -37.992    -6.803   -41.441   -37.992    -6.803   -41.441     0.000
   -16.869   -31.695   -32.288   -16.868   -31.696   -32.289     0.001
   -19.693    -0.393    -5.921   -19.694    -0.392    -5.920     0.001

