
    15.579    11.103   -24.495    15.603    11.126   -24.502     0.034
    -4.548   -24.958   -20.703    -4.506   -25.000   -20.683     0.063
    28.423    21.123   -19.340    28.432    21.135   -19.344     0.015
    10.834     2.408    63.092    10.834     2.407    63.086     0.007
   -35.978   -14.026    -9.442   -35.966   -14.026    -9.455     0.018
   -14.188    -0.556   -45.931   -14.207    -0.585   -45.888     0.055
    13.479    -6.470    25.949    13.483    -6.514    25.956     0.045
   -39.549   -17.027   -14.985   -39.568   -17.035   -14.972     0.025
   -30.932   -27.652   -16.205   -30.930   -27.647   -16.208     0.006
     1.986    -4.692   -25.840     2.002    -4.684   -25.861     0.028
    -7.044     5.183    59.053    -7.085     5.184    59.052     0.041
     2.822    20.401     3.954     2.880    20.368     3.976     0.070
    -3.350    -4.152   -35.873    -3.344    -4.149   -35.872     0.007
   -26.125   -23.556    -8.772   -26.114   -23.519    -8.837     0.076
    16.839    -2.594    61.403    16.942    -2.664    61.542     0.187
     0.886    -6.569   -27.605     0.895    -6.568   -27.613     0.011
    -5.798    25.144    25.828    -5.836    24.957    25.829     0.191
    -8.612     4.769   -36.612    -8.656     4.728   -36.589     0.064
   -19.158   -22.584    -8.545   -19.139   -22.641    -8.458     0.105
   -31.273     9.344   -28.914   -31.261     9.324   -28.912     0.023
    -2.557    -5.085    57.123    -2.566    -5.093    57.123     0.012
    24.486   -14.928   -14.163    24.415   -14.815   -14.158     0.134
   -11.927   -14.486   -46.990   -11.923   -14.487   -47.004     0.015
    14.346    -0.914    62.990    14.346    -0.914    62.991     0.001
    14.431   -16.496    -2.917    14.431   -16.493    -2.918     0.003
    16.960    -4.098    48.429    16.974    -4.115    48.429     0.022
    19.369    15.218    56.149    19.245    15.122    56.143     0.156
   -20.455    10.178   -35.908   -20.455    10.179   -35.909     0.002
   -18.003    11.508   -32.278   -18.010    11.459   -32.266     0.051
    31.046     0.919   -27.423    30.875     0.925   -27.325     0.198
    20.711     1.785    55.216    20.839     1.732    55.229     0.139
   -26.098   -22.331   -44.969   -26.096   -22.312   -44.949     0.027
    28.040    -0.315    20.870    28.159    -0.369    20.930     0.144
    -8.254   -22.625   -12.066    -8.255   -22.623   -12.067     0.002
    10.244   -12.886   -18.859    10.249   -12.899   -18.869     0.018
    -7.270     2.942    33.309    -7.228     2.945    33.304     0.042
    -6.178    10.711    50.585    -5.993    10.654    50.580     0.194
    -7.645   -17.682   -43.116    -7.626   -17.686   -43.139     0.030
    21.329    12.587    52.956    21.172    12.534    52.929     0.168
    15.986    22.055    29.901    16.011    22.247    29.933     0.196
     2.536    22.611    30.918     2.534    22.595    30.914     0.016
    13.440    20.976   -29.370    13.433    20.999   -29.406     0.044
    12.406    26.213    -4.774    12.430    26.157    -4.762     0.062
   -44.163    -9.689   -24.177   -44.133    -9.685   -24.185     0.032
    32.910    -5.544   -21.758    32.921    -5.552   -21.762     0.015
    17.541    16.822   -30.863    17.540    16.830   -30.880     0.018
     3.151    24.106    19.391     3.151    24.093    19.390     0.012
    20.371    18.488   -29.279    20.357    18.471   -29.255     0.033
     6.815   -12.103     8.459     6.835   -12.197     8.496     0.102
     3.311    11.288    -9.628     3.336    11.227    -9.606     0.069
    27.856    -3.557    16.539    27.902    -3.608    16.559     0.072
    -7.354    10.782    41.310    -7.376    10.778    41.313     0.022
    18.055   -10.418     6.043    18.031   -10.371     6.018     0.059
   -15.814   -21.191   -45.239   -15.810   -21.196   -45.247     0.010
    -6.911     4.521   -31.403    -6.890     4.536   -31.402     0.026
    21.029    21.486    22.253    21.036    21.498    22.256     0.015
    -9.693   -21.159    -9.595    -9.693   -21.149    -9.609     0.017
    23.953    12.752    35.336    23.917    12.740    35.329     0.039
    -6.835     3.260    46.264    -6.665     3.277    46.266     0.171
    26.021     0.346    27.241    26.023     0.345    27.241     0.002
    -4.148     0.488   -29.885    -4.130     0.499   -29.894     0.022
   -37.851     4.456   -24.647   -37.887     4.489   -24.642     0.049
     3.114    -0.546   -23.182     3.163    -0.500   -23.292     0.128
     7.884    21.698    35.102     7.881    21.731    35.108     0.033
   -15.940    10.772   -21.883   -15.944    10.810   -21.866     0.042
    23.994    -4.695    20.390    23.940    -4.592    20.361     0.120
    -5.017   -22.279   -14.067    -5.085   -22.183   -14.128     0.133
   -22.084   -19.246   -47.114   -22.095   -19.280   -47.237     0.128
   -29.641   -30.880   -24.187   -29.664   -30.926   -24.182     0.052
    -5.028    12.164    56.495    -5.094    12.196    56.490     0.073
    -2.390   -22.000   -33.892    -2.467   -21.968   -33.851     0.092
     0.852   -12.147     5.654     0.862   -11.993     5.619     0.158
    -1.258    -9.670   -35.049    -1.198    -9.660   -35.063     0.062
    20.683   -13.353    -2.035    20.653   -13.300    -2.068     0.069
    -6.123   -19.955   -10.335    -6.098   -20.011   -10.271     0.088
     4.283    -7.172    35.817     4.283    -7.169    35.817     0.003
    14.660   -17.378    -7.693    14.621   -17.585    -7.717     0.212
   -12.520    -0.271    11.388   -12.396    -0.255    11.350     0.131
    14.041    -3.208   -22.095    14.038    -3.208   -22.161     0.066
    18.940    16.358    51.756    19.012    16.416    51.770     0.094
   -28.587   -27.497   -13.552   -28.559   -27.448   -13.594     0.071
   -23.720   -32.689   -29.228   -23.725   -32.709   -29.229     0.020
    19.954   -11.333     1.936    19.942   -11.310     1.925     0.029
   -28.081     3.012   -13.478   -28.080     3.009   -13.484     0.007
     7.289    14.813    -8.379     7.244    14.858    -8.496     0.133
   -33.193   -16.907    -8.524   -33.173   -16.868    -8.593     0.081
    23.214    12.417    39.796    23.258    12.431    39.802     0.047
    27.603   -12.256   -17.424    27.591   -12.236   -17.421     0.024
   -11.777    19.272    35.836   -11.758    19.264    35.817     0.028
    11.750    25.944    10.966    11.743    25.987    10.981     0.046
    10.908    22.653    29.000    10.909    22.785    29.025     0.134
    24.546   -14.853   -15.173    24.443   -14.707   -15.107     0.191
     3.667    -4.240   -24.697     3.608    -4.260   -24.605     0.111
   -20.025     2.315    -9.806   -20.010     2.291    -9.824     0.033
   -16.181    10.197   -35.381   -16.185    10.185   -35.378     0.013
    -4.722    -3.985    37.928    -4.736    -3.995    37.932     0.018
    23.204    18.353    25.924    23.133    18.304    25.899     0.089
   -31.930   -27.343   -16.475   -31.945   -27.378   -16.448     0.046
    -6.695    10.716    45.715    -6.556    10.696    45.697     0.142
     0.898   -12.311   -29.141     0.818   -12.311   -29.106     0.088
    -2.701    12.382    -0.227    -2.697    12.376    -0.226     0.008
    -3.606     1.390   -28.369    -3.666     1.352   -28.311     0.092
   -10.622   -20.170    -8.952   -10.622   -20.190    -8.924     0.034
   -27.844     1.055   -12.522   -27.836     1.036   -12.574     0.056
   -43.415    -4.266   -27.049   -43.339    -4.295   -27.049     0.082
    10.987    18.133   -11.766    11.005    18.141   -11.754     0.024
    26.553   -13.044   -17.262    26.496   -12.958   -17.246     0.105
    27.309     1.198    25.091    27.243     1.223    25.067     0.075
    22.831     0.214    38.707    22.703     0.286    38.665     0.153
     2.268    -6.801    43.524     2.265    -6.854    43.526     0.053
    37.370     1.857   -14.780    37.333     1.851   -14.759     0.044
    -6.591    18.246    13.004    -6.607    18.250    12.981     0.028
   -17.615   -28.657   -39.060   -17.623   -28.624   -39.038     0.040
    -1.768   -10.745    12.597    -1.770   -10.759    12.598     0.014
    14.958    -3.335   -22.252    14.960    -3.336   -22.201     0.052
   -11.801   -30.369   -29.973   -11.797   -30.376   -29.973     0.008
     5.124    -7.037    48.279     5.132    -7.110    48.281     0.073
    21.777     8.682    56.161    21.787     8.682    56.162     0.010
    17.648    -7.111    16.335    17.661    -7.162    16.344     0.053
    18.127    -7.296   -23.230    18.171    -7.303   -23.143     0.098
   -39.932   -17.061   -15.408   -39.870   -17.038   -15.436     0.072
    10.067    -7.054    60.024    10.019    -6.885    60.038     0.176
    -4.826    -2.187    62.758    -4.731    -2.151    62.654     0.146
    -6.896   -20.895   -10.531    -6.897   -20.894   -10.532     0.001
    -6.026    10.991    59.915    -5.884    10.919    59.917     0.160
     6.404   -12.444   -21.954     6.420   -12.461   -21.997     0.049
    17.742    24.066    15.170    17.775    24.175    15.192     0.116
    -9.053     8.047    31.639    -9.034     8.061    31.631     0.024
   -36.790   -16.553   -10.625   -36.687   -16.511   -10.707     0.138
   -12.374     8.095   -36.016   -12.374     8.096   -36.016     0.002
    29.040     1.753    20.999    29.025     1.759    20.992     0.017
    20.627     1.164    55.000    20.626     1.164    55.000     0.001
    30.792    19.514     7.819    30.843    19.572     7.826     0.078
     6.688   -12.761     4.504     6.685   -12.799     4.513     0.039
    21.508     4.005    54.934    21.490     4.009    54.931     0.018
     3.343    -6.975    47.144     3.344    -6.965    47.144     0.010
    20.903    16.015    42.864    20.858    15.988    42.854     0.053
   -21.189   -18.148    -6.300   -21.188   -18.143    -6.337     0.038
   -32.009   -16.903    -8.167   -31.996   -16.896    -8.193     0.030
    -5.536    -1.166    49.248    -5.543    -1.168    49.248     0.007
    -7.411   -17.738    -6.670    -7.406   -17.688    -6.716     0.068
    -7.306    -2.355    28.442    -7.353    -2.361    28.451     0.049
   -12.372    -0.876    10.606   -12.529    -0.896    10.655     0.166
    32.100    14.255    12.234    32.122    14.271    12.258     0.036
    -6.648   -14.514   -43.231    -6.663   -14.508   -43.212     0.025
    20.728    21.017    24.568    20.766    21.076    24.577     0.071
    -3.103    -3.976   -33.270    -3.250    -4.001   -33.242     0.152
    40.355     2.919    -2.976    40.260     2.980    -2.992     0.114
    -4.906    23.401    32.791    -4.906    23.403    32.792     0.002
   -27.749   -20.504   -45.950   -27.746   -20.500   -45.942     0.010
    -5.486    -6.573   -42.149    -5.427    -6.559   -42.198     0.078
    19.143     7.057   -26.615    19.099     7.032   -26.649     0.061
    24.161    12.497    35.105    24.059    12.464    35.083     0.109
   -43.937    -8.298   -26.493   -43.971    -8.290   -26.501     0.036
    20.466    11.567    61.335    20.453    11.563    61.331     0.014
    -4.476   -19.251   -38.900    -4.417   -19.273   -38.942     0.076
   -27.991   -22.527    -8.564   -27.987   -22.515    -8.575     0.016
     1.333    -6.642    46.452     1.326    -6.758    46.452     0.116
    -2.024   -10.341   -37.976    -1.981   -10.344   -37.984     0.044
    18.086    26.599     4.565    18.063    26.497     4.555     0.105
    18.675    -3.652    41.388    18.701    -3.688    41.387     0.045
    -5.196    -1.710    58.198    -5.318    -1.794    58.197     0.148
    23.492    13.414   -30.088    23.482    13.358   -30.018     0.090
    22.131     6.439    53.376    22.138     6.439    53.377     0.007
    12.655    17.350   -17.924    12.524    17.268   -17.902     0.156
   -15.528   -23.988   -43.378   -15.526   -23.993   -43.385     0.008
   -33.960   -25.826   -16.332   -33.919   -25.783   -16.368     0.070
     3.355    -1.554    63.402     3.355    -1.555    63.335     0.067
   -39.838   -19.029   -16.954   -39.786   -19.008   -16.977     0.060
    33.618    -5.236    -2.111    33.628    -5.244    -2.111     0.013
   -27.835   -15.541   -47.302   -27.858   -15.554   -47.359     0.064
   -22.390    -7.101   -48.320   -22.395    -7.116   -48.291     0.033
   -11.221    20.868    17.603   -11.179    20.810    17.668     0.097
    26.356    14.717   -27.959    26.349    14.704   -27.938     0.025
    29.908    10.796    17.702    30.033    10.842    17.770     0.150
   -30.451   -27.313   -38.113   -30.408   -27.237   -38.067     0.098
     0.583    -6.801    54.070     0.647    -6.656    54.083     0.159
    29.961    21.006   -15.468    29.880    20.930   -15.454     0.112
   -34.663   -26.270   -34.751   -34.631   -26.239   -34.735     0.048
    15.416    -0.343   -21.647    15.415    -0.339   -21.653     0.007
   -14.817     9.559   -35.709   -14.849     9.502   -35.688     0.068
   -10.521    22.384    18.815   -10.542    22.443    18.774     0.074
    -3.101    16.168     7.943    -3.091    16.159     7.952     0.017
    22.471    -6.572    13.657    22.465    -6.552    13.652     0.022
   -14.475   -23.645    -9.977   -14.474   -23.679    -9.945     0.046
    -7.448    -4.229    23.518    -7.609    -4.305    23.548     0.182
    21.337    16.413    38.353    21.300    16.392    38.350     0.043
    16.031    -5.117   -22.521    16.037    -5.121   -22.473     0.049
   -15.909     5.725   -41.865   -15.932     5.673   -41.803     0.084
    37.901     4.431     8.719    37.949     4.434     8.757     0.061
    -7.370    -6.612    17.989    -7.359    -6.604    17.986     0.014
   -13.755     6.926   -13.651   -13.761     6.940   -13.647     0.016
   -23.958     4.947   -42.391   -23.952     4.929   -42.373     0.026
    26.688   -11.947    -7.045    26.671   -11.928    -7.044     0.026
    23.731    13.379    34.221    23.867    13.451    34.254     0.157
    15.802    27.132    -1.575    15.790    27.211    -1.569     0.080
   -41.089    -9.352   -31.960   -41.144    -9.378   -31.994     0.070
    36.593     6.748   -16.007    36.655     6.756   -16.017     0.063
    20.814     0.008   -25.287    20.858     0.025   -25.253     0.057
   -27.504   -30.631   -18.368   -27.428   -30.525   -18.415     0.139

