
    21.467    -4.733    24.824    21.469    -4.737    24.825     0.005
    -6.777   -25.802   -18.502    -6.773   -25.807   -18.499     0.007
    -9.796    -2.700    16.380    -9.794    -2.700    16.379     0.003
    -5.917    10.656    57.526    -5.922    10.659    57.526     0.005
     4.693    14.067    -6.358     4.690    14.070    -6.362     0.006
    11.609    13.634   -11.478    11.608    13.634   -11.479     0.001
     1.488    -6.941    53.884     1.486    -6.946    53.884     0.005
    -1.759    -7.160   -31.984    -1.758    -7.160   -31.984     0.002
    -6.106    11.153     3.911    -6.104    11.150     3.912     0.003
    22.944     6.969   -30.105    22.948     6.969   -30.096     0.010
   -19.215     7.168   -15.433   -19.216     7.169   -15.431     0.002
    21.416    20.513    25.373    21.415    20.512    25.373     0.001
   -14.189     4.903    -6.866   -14.188     4.899    -6.866     0.004
     8.301   -13.026     4.357     8.301   -13.025     4.357     0.001
     3.211   -18.017   -12.647     3.211   -18.017   -12.647     0.000
   -15.880   -11.247   -48.525   -15.879   -11.247   -48.521     0.003
   -13.720   -18.235   -46.249   -13.721   -18.234   -46.247     0.003
    14.226    21.823    46.484    14.228    21.828    46.484     0.005
    -9.621    -2.983    16.918    -9.618    -2.982    16.918     0.003
     0.031    17.495    56.503     0.028    17.501    56.504     0.006
    -6.477     3.522   -32.606    -6.473     3.523   -32.606     0.004
    25.139    -8.233     6.125    25.140    -8.236     6.126     0.004
    -7.855   -23.780   -38.999    -7.861   -23.774   -38.994     0.010
     6.913    22.036    -2.413     6.910    22.037    -2.414     0.003
    33.060     7.297    14.094    33.053     7.295    14.090     0.008
    33.463    14.937     9.777    33.467    14.940     9.779     0.005
    14.067    -9.111    11.845    14.065    -9.105    11.842     0.007
   -23.940    10.335   -34.634   -23.940    10.335   -34.634     0.000
    -0.363   -15.154   -34.538    -0.364   -15.154   -34.538     0.001
   -33.167   -18.117   -43.987   -33.168   -18.118   -43.990     0.003
    -3.812    -3.634    57.824    -3.816    -3.638    57.824     0.006
    17.655    17.095    56.701    17.645    17.087    56.699     0.013
    17.912     0.222    62.461    17.916     0.218    62.467     0.009
   -16.185     4.241   -42.970   -16.185     4.241   -42.969     0.001
    -2.088   -14.957    -3.167    -2.088   -14.955    -3.168     0.002
    14.035   -13.610   -16.863    14.034   -13.611   -16.864     0.001
   -34.803   -19.109   -10.762   -34.804   -19.110   -10.760     0.003
    -4.588    15.778     9.134    -4.587    15.777     9.135     0.002
   -11.483     6.871    17.661   -11.492     6.870    17.660     0.009
    22.583    -3.897   -25.758    22.584    -3.897   -25.757     0.002
    -0.925   -21.016   -28.652    -0.921   -21.018   -28.653     0.004
   -32.471   -25.961   -15.184   -32.470   -25.958   -15.187     0.004
   -12.000    19.066    35.666   -11.999    19.065    35.665     0.001
    11.928    25.536    -6.287    11.928    25.534    -6.287     0.002
     2.202    -6.882   -26.312     2.206    -6.881   -26.317     0.006
    31.844     1.069   -25.742    31.849     1.068   -25.745     0.006
     3.936    12.935    -6.941     3.938    12.933    -6.939     0.004
     2.033    -6.835    44.004     2.033    -6.828    44.004     0.007
    24.064     2.874    38.348    24.064     2.874    38.348     0.000
     4.209    -2.284    63.356     4.209    -2.284    63.353     0.003
   -28.182     4.261   -14.031   -28.182     4.263   -14.025     0.005
    20.659     0.923   -25.437    20.659     0.923   -25.437     0.001
    17.186     7.090    63.103    17.186     7.090    63.103     0.000
    -6.118    10.864    48.668    -6.114    10.862    48.667     0.004
    19.146    -4.875    31.260    19.146    -4.874    31.260     0.001
    -1.096   -10.790   -35.432    -1.099   -10.791   -35.430     0.003
    19.041    -0.871    58.505    19.036    -0.866    58.504     0.007
     3.177    -9.144    20.399     3.176    -9.139    20.398     0.006
    26.589     7.715   -30.276    26.588     7.716   -30.272     0.005
    -6.449     3.059   -35.117    -6.453     3.057   -35.117     0.004
    -2.626    -6.030   -35.295    -2.626    -6.030   -35.295     0.000
   -15.077   -14.651   -48.101   -15.076   -14.653   -48.105     0.004
    19.003    -7.605    13.165    19.003    -7.604    13.164     0.001
   -11.450   -29.724   -32.029   -11.449   -29.725   -32.029     0.001
   -19.347   -20.322    -6.946   -19.347   -20.323    -6.943     0.004
    22.664    14.089    38.132    22.666    14.090    38.132     0.002
     8.430    -6.690    34.997     8.429    -6.682    34.997     0.008
   -12.196    10.126   -25.637   -12.201    10.119   -25.636     0.009
   -26.262     2.146   -44.110   -26.263     2.148   -44.112     0.002
    35.650    14.006   -11.290    35.649    14.005   -11.290     0.002
   -17.771    -1.095    -1.295   -17.768    -1.096    -1.296     0.003
    -0.722   -21.426   -22.723    -0.724   -21.424   -22.723     0.003
     2.699   -13.106     1.051     2.701   -13.094     1.049     0.012
    -3.957    13.951     5.821    -3.952    13.948     5.823     0.006
   -25.301    -9.407    -6.254   -25.300    -9.408    -6.257     0.003
   -13.720     4.513    -3.263   -13.716     4.508    -3.263     0.006
    17.592    25.329   -20.261    17.591    25.333   -20.261     0.004
   -26.288   -24.085   -43.363   -26.288   -24.087   -43.366     0.004
    16.212    10.562   -23.014    16.209    10.561   -23.015     0.003
    -8.530     2.740    26.726    -8.529     2.740    26.726     0.001
    25.107    24.040     2.628    25.107    24.039     2.628     0.000
    35.899    -2.601     9.090    35.897    -2.599     9.089     0.003
   -34.398   -14.469    -8.132   -34.398   -14.469    -8.129     0.002
   -15.727    20.444    25.115   -15.722    20.442    25.115     0.005
   -18.257   -28.038   -13.165   -18.256   -28.041   -13.163     0.003
    14.938    -0.431    62.981    14.938    -0.431    62.984     0.003
   -33.274   -26.969   -17.206   -33.274   -26.969   -17.206     0.000
   -23.836    10.707   -33.512   -23.835    10.702   -33.510     0.006
    12.378     2.319   -19.744    12.378     2.322   -19.747     0.004
    -6.319     9.498    -1.847    -6.318     9.497    -1.847     0.001
     6.586   -12.807     4.464     6.586   -12.803     4.464     0.003
   -30.766   -30.028   -31.225   -30.767   -30.030   -31.225     0.002
   -17.931    -8.179   -48.474   -17.931    -8.179   -48.474     0.000
   -27.877     0.835   -12.507   -27.877     0.836   -12.503     0.003
   -12.280   -22.487   -10.193   -12.281   -22.486   -10.194     0.003
    -6.801    21.223    15.492    -6.799    21.218    15.495     0.006
   -17.063   -28.475   -14.347   -17.064   -28.473   -14.349     0.003
    24.938    22.855     9.707    24.935    22.849     9.705     0.006
   -22.698     3.392   -43.850   -22.698     3.391   -43.848     0.002
    28.352    22.011   -12.862    28.350    22.008   -12.862     0.003
    16.832     0.417    62.958    16.832     0.417    62.962     0.004
    -6.482     1.491    43.379    -6.476     1.492    43.379     0.006
    21.612    -5.639    20.579    21.612    -5.638    20.579     0.002
    37.393     1.700   -14.704    37.390     1.700   -14.702     0.003
    37.873     7.327   -11.146    37.874     7.327   -11.147     0.001
    22.233     2.117    46.519    22.229     2.119    46.518     0.005
     1.449     0.980   -23.868     1.449     0.981   -23.868     0.001
    -9.616     8.208    29.957    -9.615     8.209    29.957     0.001
    15.763    -5.911    31.295    15.763    -5.910    31.295     0.001
    14.557    -6.073    30.964    14.557    -6.072    30.964     0.001
    33.064    14.160    11.461    33.067    14.162    11.464     0.003
   -29.226   -14.575    -6.606   -29.226   -14.575    -6.607     0.001
    29.670    -3.816    14.188    29.670    -3.815    14.187     0.001
    -3.144     0.938   -28.043    -3.143     0.938   -28.044     0.001
    -9.785    14.776    13.937    -9.781    14.775    13.940     0.006
   -22.623    11.859   -21.574   -22.624    11.861   -21.574     0.002
    -5.390    14.214     8.248    -5.392    14.216     8.245     0.004
    17.300     4.586    63.072    17.300     4.586    63.073     0.002
   -26.024   -32.397   -25.203   -26.026   -32.407   -25.204     0.010
    14.015    15.045    63.102    14.016    15.045    63.097     0.005
   -27.601   -28.939   -37.293   -27.601   -28.936   -37.291     0.003
   -14.881     5.173    -9.770   -14.882     5.174    -9.769     0.001
    24.414   -12.702    -3.841    24.413   -12.699    -3.843     0.003
   -16.025   -20.985   -45.486   -16.025   -20.984   -45.485     0.000
    10.262    26.355     4.677    10.261    26.361     4.677     0.006
   -19.199    11.940   -22.054   -19.200    11.938   -22.055     0.003
   -31.048     7.093   -16.501   -31.051     7.097   -16.499     0.005
     0.103    16.845     3.938     0.106    16.842     3.941     0.005
    18.707     5.119    62.708    18.708     5.120    62.712     0.004
    -0.996   -20.077   -32.062    -0.999   -20.076   -32.061     0.004
    14.484    26.227     9.698    14.485    26.230     9.698     0.003
    18.574    12.302    62.967    18.575    12.302    62.968     0.002
    34.021    16.899     4.185    34.014    16.893     4.184     0.009
     9.267    19.280    60.658     9.270    19.273    60.653     0.009
    -3.067    -4.902    45.349    -3.071    -4.907    45.349     0.006
   -10.177   -18.838    -7.851   -10.177   -18.833    -7.856     0.007
     9.956    -3.615    63.363     9.956    -3.615    63.366     0.003
   -14.546    -9.056   -48.062   -14.544    -9.055   -48.070     0.009
    -5.562     8.778    -9.738    -5.563     8.785    -9.738     0.007
    -4.233    17.283    10.303    -4.239    17.288    10.298     0.009
    25.394    15.096   -28.143    25.394    15.097   -28.145     0.002
     1.149   -10.958    12.676     1.150   -10.952    12.675     0.006
    18.493    -5.411    28.006    18.491    -5.403    28.005     0.008
   -11.870   -17.925   -45.475   -11.871   -17.925   -45.473     0.002
    -9.165    21.939    35.024    -9.164    21.934    35.020     0.007
    -2.667    -5.492    41.813    -2.665    -5.487    41.813     0.005
   -18.461   -27.184   -12.080   -18.461   -27.185   -12.080     0.001
    38.805    10.323     0.303    38.804    10.323     0.303     0.001
    28.872    -1.839    18.216    28.873    -1.840    18.217     0.002
     4.522   -15.786   -20.989     4.523   -15.786   -20.989     0.001
   -40.742   -20.075   -20.855   -40.746   -20.077   -20.854     0.004
    36.056    13.472     7.603    36.054    13.470     7.602     0.003
   -24.687    11.934   -26.032   -24.686    11.929   -26.033     0.005
     7.889    24.929    14.453     7.888    24.939    14.456     0.010
    -3.289   -21.839   -34.920    -3.287   -21.841   -34.922     0.004
   -36.564    -6.515   -10.374   -36.564    -6.515   -10.374     0.000
    28.037    -9.457     1.746    28.039    -9.462     1.747     0.005
    31.702    18.036     9.114    31.705    18.038     9.116     0.004
   -18.550    -4.845   -47.989   -18.549    -4.844   -47.991     0.002
     7.050   -16.137   -10.099     7.049   -16.131   -10.100     0.006
   -11.382     8.770   -31.303   -11.382     8.771   -31.303     0.000
    21.050    -0.512    46.725    21.050    -0.512    46.725     0.000
   -22.100   -21.898   -45.899   -22.100   -21.897   -45.897     0.002
    20.590    -4.106   -24.194    20.590    -4.106   -24.194     0.000
    -6.146   -23.545   -15.231    -6.145   -23.546   -15.230     0.002
    28.401    20.696    10.069    28.405    20.701    10.071     0.007
    31.503    16.019    11.635    31.505    16.020    11.637     0.003
    -3.053    -3.972   -32.199    -3.055    -3.972   -32.199     0.002
   -13.217   -25.195   -41.762   -13.217   -25.197   -41.764     0.002
    16.106    10.374   -25.389    16.109    10.376   -25.390     0.004
   -16.433     3.915    -8.635   -16.429     3.909    -8.637     0.008
     5.498    13.951    -7.397     5.500    13.950    -7.396     0.003
    39.744     7.308    -4.644    39.744     7.308    -4.644     0.000
    24.082    22.064    13.777    24.082    22.064    13.777     0.000
    24.569    22.360   -22.746    24.568    22.358   -22.745     0.002
     6.041    20.616    43.034     6.042    20.607    43.033     0.010
    10.030    -9.583   -22.009    10.032    -9.586   -22.013     0.005
    -7.959     3.994   -36.472    -7.959     3.994   -36.472     0.000
   -11.446   -13.295    -1.837   -11.445   -13.294    -1.838     0.002
   -37.710    -7.620   -10.576   -37.712    -7.620   -10.574     0.003
    23.406    15.549    31.397    23.399    15.545    31.395     0.008
     3.452   -12.613     3.983     3.453   -12.610     3.982     0.003
    22.469   -14.283    -4.732    22.468   -14.281    -4.733     0.003
   -15.371    13.222    29.536   -15.364    13.227    29.535     0.009
    -4.860    12.838     5.431    -4.858    12.836     5.432     0.004
    -1.453     9.893    -9.019    -1.453     9.890    -9.019     0.003
    -7.927     6.630    33.894    -7.936     6.627    33.895     0.009
    11.460    21.711    42.878    11.460    21.709    42.878     0.002
   -21.219    -8.800    -3.718   -21.221    -8.800    -3.715     0.004
    13.038    -6.140    38.479    13.040    -6.144    38.479     0.004
     2.910    23.555    25.530     2.910    23.549    25.529     0.006
    -5.485    18.022    12.034    -5.482    18.018    12.038     0.007
    31.288    14.622    13.059    31.286    14.621    13.057     0.002
   -31.134     5.440   -38.890   -31.136     5.442   -38.892     0.003
   -29.182   -17.100   -46.793   -29.182   -17.097   -46.786     0.007
   -36.824     2.771   -35.540   -36.819     2.767   -35.538     0.006
     7.876    -2.575   -22.464     7.873    -2.575   -22.457     0.008
    31.158    16.920    11.267    31.159    16.921    11.268     0.001
   -27.646   -20.411   -46.033   -27.644   -20.408   -46.027     0.007
    31.748    -7.438    -0.369    31.747    -7.437    -0.369     0.001

