
     7.972    20.770    -6.448     7.972    20.770    -6.449     0.000
    -8.268    15.587    13.126    -8.270    15.589    13.123     0.004
    16.255    23.189   -27.406    16.254    23.187   -27.406     0.001
    30.731    -4.298   -25.646    30.731    -4.298   -25.646     0.000
   -39.424   -17.232   -36.508   -39.421   -17.231   -36.508     0.003
   -14.881     4.612    -7.384   -14.880     4.611    -7.384     0.002
    14.629    -5.742    39.518    14.630    -5.745    39.518     0.003
    22.915    -8.985     4.833    22.915    -8.986     4.834     0.001
     9.494    -6.546    34.435     9.493    -6.541    34.435     0.005
   -42.801    -2.941   -26.394   -42.797    -2.943   -26.394     0.004
    29.106    17.380   -22.919    29.111    17.384   -22.924     0.008
    24.981    16.263    24.393    24.980    16.262    24.393     0.001
    28.273    -1.988    18.911    28.276    -1.991    18.913     0.004
   -36.571   -11.333   -43.950   -36.576   -11.333   -43.954     0.007
   -38.787   -10.943   -41.103   -38.786   -10.943   -41.102     0.001
    32.536    -7.722   -17.424    32.544    -7.727   -17.426     0.009
    -8.607   -12.274     1.088    -8.608   -12.279     1.090     0.006
   -25.194     6.485   -40.406   -25.194     6.484   -40.405     0.001
     1.378    22.955    30.024     1.379    22.956    30.025     0.002
   -34.707   -27.852   -25.302   -34.714   -27.860   -25.301     0.010
   -12.684     5.072     1.962   -12.680     5.067     1.962     0.007
   -33.802   -26.892   -17.972   -33.804   -26.894   -17.971     0.003
     9.181     2.016   -19.611     9.180     2.013   -19.609     0.003
   -24.906    -1.642   -47.163   -24.905    -1.643   -47.162     0.002
   -11.977     9.449   -19.157   -11.976     9.453   -19.155     0.005
   -28.483     8.249   -35.772   -28.484     8.250   -35.774     0.002
     8.600    10.140    63.218     8.600    10.140    63.214     0.004
    18.057    17.314    52.907    18.061    17.317    52.908     0.005
   -16.174    11.802   -26.635   -16.175    11.799   -26.635     0.003
    34.350    -6.096   -12.594    34.346    -6.093   -12.594     0.004
    19.325    26.141    -8.046    19.325    26.143    -8.047     0.003
   -39.184    -0.627   -36.048   -39.180    -0.630   -36.046     0.005
    31.045    -9.556   -13.869    31.044    -9.554   -13.869     0.002
    -7.340   -13.840    -1.252    -7.341   -13.848    -1.246     0.010
   -35.101    -7.719   -44.398   -35.104    -7.718   -44.401     0.004
    32.985    13.729    11.818    32.982    13.727    11.816     0.004
   -19.543    -6.452    -2.756   -19.544    -6.453    -2.754     0.002
    10.943   -16.556    -7.552    10.942   -16.560    -7.552     0.004
   -11.235   -13.507   -46.901   -11.233   -13.508   -46.911     0.010
     2.365   -18.424   -16.612     2.364   -18.423   -16.612     0.002
    17.851    22.772    22.539    17.853    22.779    22.539     0.008
    -5.667   -24.546   -34.831    -5.669   -24.543   -34.830     0.004
   -16.120   -31.413   -32.620   -16.122   -31.409   -32.619     0.005
    -8.872   -20.846    -9.685    -8.871   -20.848    -9.683     0.004
    29.734    15.961    14.209    29.732    15.959    14.207     0.003
   -30.941   -10.569    -6.266   -30.941   -10.569    -6.266     0.000
    -3.909   -23.069   -34.288    -3.908   -23.069   -34.288     0.001
    32.218    15.516   -19.905    32.217    15.516   -19.905     0.002
    24.937    -5.302    16.276    24.937    -5.300    16.276     0.002
   -25.558   -30.896   -34.593   -25.558   -30.896   -34.594     0.000
   -16.951    -7.705    -0.281   -16.951    -7.705    -0.281     0.001
    23.396    20.357    19.407    23.400    20.360    19.409     0.005
   -11.536   -20.179    -8.941   -11.536   -20.182    -8.937     0.005
    -7.141    -2.949    29.166    -7.144    -2.950    29.166     0.003
    -7.072     1.068    33.557    -7.066     1.069    33.556     0.007
   -13.562   -20.150   -44.989   -13.560   -20.153   -44.994     0.006
   -19.157     7.654   -15.939   -19.156     7.651   -15.941     0.004
   -33.551     5.934   -17.378   -33.552     5.936   -17.378     0.002
    10.597    24.959    14.552    10.597    24.952    14.551     0.007
    23.404    16.535    29.177    23.402    16.534    29.177     0.002
    -5.017     0.276   -33.508    -5.017     0.276   -33.508     0.000
    15.547    18.409    59.231    15.543    18.403    59.231     0.007
   -12.919    11.354    19.607   -12.922    11.351    19.606     0.004
    20.656    21.209    24.166    20.655    21.208    24.166     0.001
    -3.206     7.778   -17.926    -3.206     7.781   -17.927     0.003
    32.809    17.740   -13.163    32.808    17.739   -13.163     0.001
    15.377   -17.025   -10.655    15.376   -17.031   -10.657     0.007
    -8.952   -22.465   -41.523    -8.954   -22.464   -41.521     0.003
    26.291    -9.949     1.121    26.291    -9.946     1.120     0.003
   -21.927   -32.516   -31.265   -21.927   -32.517   -31.265     0.002
   -33.105    -6.797   -45.539   -33.107    -6.796   -45.541     0.003
   -39.480   -13.623   -38.804   -39.483   -13.623   -38.805     0.003
    -6.685    10.784    44.534    -6.690    10.785    44.534     0.005
    23.955    -0.534    33.073    23.952    -0.533    33.072     0.003
   -15.966     9.982   -20.029   -15.966     9.982   -20.029     0.000
   -15.008    13.108    30.103   -15.010    13.106    30.104     0.003
     3.087    22.615     8.168     3.091    22.610     8.169     0.006
    -2.379     1.518   -26.783    -2.381     1.517   -26.781     0.003
    -4.138    14.278    53.602    -4.136    14.277    53.602     0.002
   -21.354     3.921   -43.204   -21.354     3.919   -43.202     0.003
    -8.885    -1.517    22.043    -8.879    -1.516    22.042     0.006
    13.876     6.897   -17.232    13.880     6.895   -17.229     0.005
   -35.959   -20.526   -12.517   -35.957   -20.524   -12.520     0.005
    23.778     7.540   -30.408    23.777     7.539   -30.409     0.001
    20.533    22.179    19.780    20.536    22.185    19.781     0.007
     5.776    18.769    -3.793     5.781    18.768    -3.791     0.005
     5.296    23.964    20.404     5.296    23.966    20.405     0.002
    14.538     4.078   -19.603    14.538     4.079   -19.603     0.001
    25.578    23.949     1.109    25.579    23.950     1.109     0.001
    31.278    18.806   -16.294    31.273    18.803   -16.293     0.006
    15.183    11.756    63.174    15.183    11.756    63.174     0.000
    -9.074   -20.912   -42.962    -9.075   -20.911   -42.961     0.002
    19.031    21.648    26.827    19.038    21.660    26.829     0.014
   -14.210   -23.390    -9.638   -14.210   -23.390    -9.638     0.000
    19.959    12.321    62.137    19.957    12.319    62.133     0.005
   -24.853     7.784   -16.480   -24.853     7.789   -16.475     0.007
   -14.344   -15.518   -47.689   -14.344   -15.519   -47.692     0.003
    38.911    10.151     1.154    38.920    10.157     1.154     0.010
    10.886   -14.754   -15.629    10.886   -14.758   -15.631     0.004
   -11.666     7.034    19.030   -11.660     7.034    19.030     0.006
   -35.414   -22.800   -14.311   -35.416   -22.802   -14.310     0.002
   -34.694     5.156   -17.870   -34.699     5.161   -17.868     0.007
    17.601    -4.411    43.484    17.599    -4.407    43.484     0.005
     4.444    -3.214    63.382     4.444    -3.214    63.376     0.006
     1.515    18.710     4.351     1.514    18.710     4.350     0.002
    38.560     0.225     6.326    38.562     0.225     6.327     0.002
    20.085   -13.598    -2.042    20.087   -13.601    -2.040     0.005
    32.575    12.517   -22.931    32.572    12.515   -22.929     0.004
    -0.714   -15.658    -4.754    -0.715   -15.651    -4.758     0.008
    -3.250    -3.775   -33.048    -3.250    -3.775   -33.048     0.000
   -38.265   -15.297   -12.431   -38.266   -15.297   -12.430     0.001
   -39.322     1.852   -21.207   -39.320     1.851   -21.208     0.002
    28.812    -7.011     8.844    28.813    -7.015     8.846     0.004
    18.881    -2.277    50.819    18.883    -2.279    50.819     0.003
     2.564   -15.663   -24.535     2.564   -15.663   -24.535     0.001
    -8.573   -15.954    -4.805    -8.573   -15.954    -4.805     0.000
   -13.325     5.496    -7.878   -13.323     5.491    -7.878     0.005
   -17.718    -4.318   -47.550   -17.718    -4.319   -47.542     0.008
    -3.335    16.223     8.319    -3.337    16.225     8.318     0.003
    30.820     3.005    17.970    30.820     3.005    17.970     0.001
    30.990     8.220   -27.554    30.991     8.220   -27.555     0.002
     3.788    -7.374    59.799     3.788    -7.369    59.799     0.005
    25.248    -2.886    23.248    25.247    -2.886    23.248     0.001
    22.637     1.704    43.753    22.642     1.702    43.754     0.005
    -8.570   -18.409    -7.471    -8.570   -18.408    -7.472     0.002
   -17.928    -1.718    -1.126   -17.929    -1.718    -1.125     0.002
    36.380    13.720     6.435    36.379    13.720     6.434     0.000
    -0.486    16.896    58.606    -0.483    16.891    58.605     0.006
    16.551   -11.775   -18.927    16.552   -11.775   -18.927     0.001
    -3.637    24.013    19.792    -3.637    24.010    19.793     0.003
    30.375    -8.735    -0.421    30.376    -8.736    -0.421     0.001
     0.679    11.021    -7.669     0.678    11.023    -7.671     0.003
    -9.320   -11.029     2.729    -9.318   -11.024     2.723     0.009
   -12.548     4.759     7.167   -12.541     4.754     7.167     0.009
   -34.687   -18.699   -10.383   -34.685   -18.697   -10.386     0.004
    -1.839   -10.397   -37.229    -1.840   -10.397   -37.229     0.001
    24.804    -4.108   -26.335    24.805    -4.109   -26.340     0.005
    21.118     8.097   -29.224    21.116     8.097   -29.227     0.003
    16.791    -8.958    10.222    16.792    -8.962    10.223     0.004
    -6.914     7.280    56.733    -6.924     7.282    56.733     0.011
    12.889    -7.452    18.788    12.890    -7.459    18.789     0.006
   -14.958     6.897   -40.071   -14.958     6.897   -40.071     0.000
    13.104    23.107   -15.280    13.105    23.106   -15.280     0.001
   -38.664    -2.741   -38.653   -38.668    -2.740   -38.656     0.005
    -8.686     8.503   -21.461    -8.683     8.506   -21.461     0.005
     1.667    -5.067   -26.259     1.669    -5.066   -26.262     0.005
   -22.752    -1.946   -47.484   -22.751    -1.943   -47.489     0.006
    10.361    21.117    48.043    10.363    21.108    48.044     0.009
    -5.259     0.516   -35.838    -5.262     0.515   -35.837     0.003
   -25.917    11.612   -24.862   -25.918    11.619   -24.861     0.006
   -13.768    10.158   -20.006   -13.767    10.154   -20.009     0.005
    -9.381    14.451    38.201    -9.380    14.451    38.201     0.001
   -25.702    -7.981    -6.571   -25.703    -7.980    -6.569     0.003
    -3.313   -24.847   -23.870    -3.318   -24.841   -23.871     0.008
    -8.961   -11.064   -46.100    -8.964   -11.064   -46.096     0.005
    20.465    11.650    61.201    20.468    11.651    61.202     0.003
   -28.859     3.739   -41.513   -28.857     3.736   -41.509     0.006
   -39.924   -22.331   -27.549   -39.925   -22.332   -27.550     0.002
     5.738    24.412    16.830     5.739    24.404    16.829     0.008
    17.204    18.515    50.382    17.207    18.518    50.382     0.005
    34.745    11.382   -18.095    34.751    11.384   -18.097     0.007
   -25.453    11.310   -22.632   -25.454    11.316   -22.631     0.005
    -0.442    23.720    17.696    -0.442    23.718    17.696     0.003
   -34.837   -24.477   -15.763   -34.839   -24.479   -15.761     0.003
    36.431    13.504     6.760    36.427    13.500     6.759     0.006
   -35.052    -0.144   -41.197   -35.055    -0.141   -41.201     0.006
    -4.426   -20.364   -11.592    -4.427   -20.363   -11.593     0.002
     0.659     8.392   -15.364     0.659     8.393   -15.365     0.001
    38.674     2.442   -11.812    38.676     2.442   -11.813     0.002
   -10.465    24.747    24.495   -10.467    24.754    24.495     0.007
    34.421    -3.138    10.556    34.424    -3.140    10.559     0.004
    23.299    11.705    41.418    23.291    11.702    41.417     0.008
     8.403    18.002    -8.657     8.402    18.003    -8.657     0.001
   -33.819     5.522   -16.726   -33.816     5.518   -16.728     0.005
    -5.808    11.043    59.383    -5.814    11.046    59.383     0.006
   -22.945   -17.584    -6.261   -22.945   -17.583    -6.265     0.005
    19.886     6.691   -27.772    19.884     6.690   -27.773     0.002
    -0.234    17.448     5.101    -0.236    17.451     5.099     0.005
    35.173    15.000    -3.575    35.174    15.002    -3.575     0.002
   -43.453   -14.591   -25.511   -43.452   -14.591   -25.511     0.001
    -6.476     1.505    40.564    -6.477     1.504    40.564     0.001
   -23.931   -30.722   -17.251   -23.930   -30.726   -17.249     0.004
    -9.525    24.467    29.572    -9.525    24.465    29.571     0.001
   -38.730   -22.869   -20.205   -38.728   -22.868   -20.205     0.002
    29.726    -6.302    10.168    29.725    -6.301    10.167     0.001
    13.648    -2.316    63.098    13.648    -2.316    63.096     0.003
    -2.264     5.142    63.358    -2.264     5.142    63.361     0.003
    25.333    -8.732     4.705    25.333    -8.732     4.705     0.000
    26.130    -9.007     3.842    26.130    -9.011     3.843     0.003
   -41.611    -1.498   -22.521   -41.611    -1.498   -22.521     0.000
     4.385   -17.090   -17.692     4.384   -17.088   -17.692     0.002
   -30.487   -29.228   -34.257   -30.486   -29.227   -34.256     0.001
    15.218    24.841    14.153    15.220    24.855    14.156     0.015
    -9.428   -11.402     2.354    -9.429   -11.405     2.356     0.004
   -11.691   -25.177   -40.901   -11.693   -25.174   -40.897     0.006
    14.133    -2.664   -22.162    14.134    -2.664   -22.159     0.003
    35.984     4.686    11.043    35.985     4.686    11.044     0.000
     1.035    21.944     9.791     1.040    21.939     9.792     0.007
    16.756    -5.222    38.547    16.753    -5.217    38.546     0.006
     7.716    20.234    56.935     7.713    20.243    56.935     0.009

