
     0.741   -10.576   -29.052     0.742   -10.576   -29.052     0.000
    21.427    -1.861    38.371    21.428    -1.861    38.372     0.001
    11.697    27.109     1.954    11.694    27.115     1.953     0.007
    16.889    -3.534    55.809    16.890    -3.535    55.809     0.002
     7.691    -7.181    62.812     7.691    -7.181    62.812     0.000
    31.204    -0.117   -26.688    31.203    -0.117   -26.687     0.002
     7.612    -9.083    16.589     7.612    -9.085    16.589     0.001
    13.852    23.347   -19.441    13.856    23.342   -19.441     0.006
   -25.806     7.274   -15.829   -25.806     7.274   -15.829     0.000
   -23.308     0.382   -10.532   -23.306     0.380   -10.534     0.004
    -8.306   -26.131   -16.828    -8.306   -26.132   -16.828     0.001
    35.352    15.396     5.159    35.352    15.396     5.159     0.001
   -43.253   -11.258   -21.279   -43.252   -11.258   -21.279     0.001
     3.367   -11.628    10.661     3.367   -11.624    10.660     0.004
    29.287    -1.871    17.655    29.284    -1.869    17.653     0.004
    14.684    -7.956    15.057    14.684    -7.956    15.057     0.001
    -0.609   -12.336     3.729    -0.608   -12.334     3.729     0.001
    22.371     3.585    48.228    22.371     3.585    48.228     0.000
   -11.989    -4.693   -46.878   -11.988    -4.692   -46.880     0.001
   -21.338   -24.494    -9.101   -21.338   -24.494    -9.101     0.000
   -41.946   -14.397   -18.438   -41.949   -14.397   -18.437     0.003
    14.517    23.114    25.493    14.517    23.112    25.493     0.002
   -29.073   -30.161   -19.459   -29.074   -30.162   -19.458     0.001
     1.944     2.986    63.562     1.944     2.986    63.561     0.001
     5.184   -13.197   -22.438     5.183   -13.196   -22.436     0.003
     7.800    21.644    35.547     7.800    21.646    35.548     0.003
     0.995    -4.437   -26.558     0.994    -4.437   -26.558     0.000
   -30.886   -28.886   -18.348   -30.887   -28.888   -18.348     0.002
   -35.082     4.343   -16.279   -35.083     4.344   -16.279     0.001
    38.065    -0.984    -9.001    38.066    -0.985    -9.001     0.001
   -30.496     0.652   -43.079   -30.498     0.654   -43.082     0.004
    -6.623     8.853    59.251    -6.623     8.853    59.251     0.000
   -36.688   -16.719   -10.810   -36.685   -16.718   -10.812     0.004
    -1.153    -5.917    44.181    -1.152    -5.914    44.181     0.004
   -17.127   -20.045   -46.619   -17.127   -20.043   -46.617     0.003
    18.048    16.484    57.698    18.050    16.486    57.698     0.002
   -10.627    -0.648    15.511   -10.625    -0.647    15.510     0.002
   -13.889    -4.686     5.272   -13.890    -4.687     5.273     0.002
   -31.831   -25.583   -14.070   -31.832   -25.586   -14.069     0.004
    25.479   -11.875   -20.591    25.481   -11.879   -20.593     0.005
    26.928    23.282    -7.340    26.929    23.283    -7.340     0.001
    23.577    23.959     7.354    23.579    23.964     7.356     0.006
    -0.870    -5.773    48.589    -0.871    -5.776    48.589     0.003
     1.907    23.833    23.033     1.907    23.836    23.033     0.004
   -22.154   -28.294   -13.111   -22.154   -28.295   -13.111     0.001
    -3.338     8.746   -14.462    -3.338     8.742   -14.461     0.004
   -36.485    -0.636   -13.612   -36.485    -0.636   -13.613     0.001
   -32.859    -1.302   -43.349   -32.859    -1.301   -43.350     0.002
    21.359     2.356    53.119    21.360     2.356    53.119     0.001
    -8.111    23.486    33.128    -8.110    23.483    33.127     0.003
   -26.220   -11.960    -6.372   -26.220   -11.960    -6.373     0.000
   -34.519     7.218   -29.269   -34.520     7.219   -29.269     0.002
    18.854    25.769     7.301    18.854    25.769     7.301     0.001
   -39.198     1.977   -21.110   -39.197     1.977   -21.110     0.001
    28.534     5.583   -29.238    28.534     5.583   -29.237     0.001
    -5.011    16.016     9.819    -5.009    16.014     9.820     0.002
   -42.008    -1.352   -29.170   -42.006    -1.353   -29.170     0.002
   -33.186   -28.306   -20.918   -33.186   -28.307   -20.918     0.001
    11.972    25.536    -6.362    11.974    25.534    -6.361     0.003
     8.002    -7.113    53.359     8.002    -7.116    53.359     0.003
    14.823    25.096    13.374    14.824    25.099    13.375     0.003
   -23.555    12.084   -25.742   -23.555    12.086   -25.742     0.001
   -34.508   -26.194   -17.851   -34.508   -26.194   -17.851     0.001
    -5.403    -2.770    38.801    -5.403    -2.771    38.801     0.000
    26.238     9.934    29.251    26.236     9.933    29.251     0.002
     7.511    -6.896    63.172     7.511    -6.897    63.173     0.002
    31.562     7.856   -26.851    31.563     7.856   -26.852     0.001
    11.815    -6.223    35.099    11.815    -6.225    35.099     0.002
    -8.948    11.799    10.854    -8.948    11.800    10.854     0.001
    14.235     8.175    63.128    14.235     8.176    63.126     0.002
     0.898    -7.417   -27.774     0.897    -7.417   -27.773     0.001
     6.265    23.045    27.208     6.265    23.047    27.208     0.003
    22.257     2.655    47.883    22.252     2.655    47.883     0.005
     0.006    17.336     4.668     0.007    17.335     4.669     0.001
     7.865    -9.677    14.504     7.865    -9.677    14.504     0.000

