
   -13.566   -14.063    -3.250   -13.560   -14.049    -3.265     0.021
    31.443    11.283    14.818    31.467    11.293    14.830     0.028
   -17.840    -1.231   -46.999   -17.840    -1.223   -47.017     0.020
    -2.584    -5.000    62.596    -2.555    -4.967    62.575     0.049
    11.576    25.814    11.203    11.567    25.871    11.223     0.062
   -43.750    -7.449   -23.306   -43.742    -7.450   -23.308     0.008
    23.119   -10.407     0.833    23.151   -10.493     0.869     0.099
   -36.884   -21.627   -14.735   -36.895   -21.633   -14.728     0.014
    -8.707    -6.697    12.834    -8.729    -6.715    12.842     0.030
    35.864     1.645   -18.033    35.888     1.646   -18.040     0.025
    -6.868     6.506    42.407    -6.983     6.504    42.410     0.115
     9.689    22.485    -7.506     9.672    22.499    -7.514     0.024
    18.751    -2.670    49.095    18.677    -2.586    49.091     0.112
    20.813    12.589    58.122    20.710    12.555    58.104     0.109
    29.441    20.345   -18.797    29.566    20.465   -18.827     0.176
    29.798    13.979    15.520    29.882    14.031    15.546     0.102
   -39.750   -13.092   -13.851   -39.715   -13.086   -13.875     0.042
    29.766    20.803   -17.039    29.724    20.763   -17.029     0.058
    22.152     4.395    50.700    22.227     4.384    50.716     0.078
    18.905   -15.051   -16.591    18.907   -15.044   -16.583     0.011
     5.133     8.085   -15.268     5.107     8.030   -15.214     0.081
    -1.172   -21.691   -27.810    -1.167   -21.693   -27.811     0.006
     2.986   -16.245   -22.780     2.992   -16.248   -22.782     0.007
    17.803     0.017    62.709    17.693     0.120    62.571     0.204
    20.581     0.394    52.148    20.658     0.355    52.157     0.087
    21.933    25.109   -11.251    21.981    25.248   -11.248     0.147
    -7.217     1.496    31.738    -7.297     1.490    31.747     0.081
    21.057     1.963    55.596    20.922     2.020    55.582     0.146
    -1.903    -5.330   -30.379    -1.794    -5.291   -30.470     0.147
    -7.472   -25.631   -17.296    -7.467   -25.638   -17.292     0.009
   -39.762    -1.767   -35.683   -39.838    -1.743   -35.716     0.086
   -29.836   -30.962   -27.756   -29.813   -30.902   -27.754     0.064
    -6.685     3.736    44.693    -6.714     3.733    44.694     0.029
    -7.344    -7.275   -44.395    -7.360    -7.279   -44.376     0.025
    27.018   -13.259   -14.216    26.854   -13.031   -14.238     0.282
    -1.963   -19.525   -12.344    -1.940   -19.573   -12.322     0.058
    27.873    -2.236    19.300    27.852    -2.221    19.286     0.030
   -12.196     5.408    12.031   -12.254     5.417    12.038     0.060
    15.132     1.171   -21.406    15.133     1.171   -21.403     0.003
   -28.838   -31.084   -30.267   -28.839   -31.086   -30.268     0.002
   -22.779    10.321   -34.890   -22.823    10.509   -34.929     0.198
    17.756    -5.089    33.231    17.757    -5.092    33.231     0.003
   -13.998   -23.325    -9.716   -13.997   -23.397    -9.648     0.098
     0.541    -8.886    24.371     0.542    -8.842    24.362     0.045
    15.510   -17.511    -7.065    15.510   -17.505    -7.066     0.006
    16.514    -4.635    45.433    16.606    -4.792    45.449     0.182
   -30.321   -18.589    -7.747   -30.336   -18.596    -7.718     0.033
     9.046    20.729    -8.443     8.993    20.749    -8.469     0.062
    19.425    -5.562    25.311    19.424    -5.556    25.309     0.007
   -38.983     0.033   -17.409   -39.023     0.073   -17.376     0.065
    40.235     5.249    -1.320    40.180     5.255    -1.327     0.057
    15.570    -8.676    11.774    15.576    -8.708    11.784     0.034
    20.820    16.719    39.338    20.906    16.796    39.349     0.116
   -15.514    -6.019     2.242   -15.550    -6.032     2.271     0.048
    33.937    -5.091   -18.229    34.101    -5.224   -18.286     0.219
   -35.219    -8.590   -44.565   -35.233    -8.584   -44.581     0.022
    14.844    23.832   -20.675    14.802    23.901   -20.677     0.081
    -4.380     9.344    -6.712    -4.388     9.360    -6.715     0.018
    -6.720     7.419    54.273    -6.843     7.446    54.273     0.126
    20.930    13.920    49.207    21.047    13.995    49.222     0.140
    17.435   -12.290     2.993    17.400   -12.233     2.962     0.074
    14.259    25.525    -8.312    14.235    25.622    -8.335     0.103
    30.511     1.783   -28.039    30.500     1.783   -28.033     0.014
   -10.085     7.064    25.430   -10.197     7.015    25.457     0.125
    -4.658    10.797    -0.520    -4.688    10.836    -0.531     0.050
    20.583    16.843   -30.305    20.565    16.823   -30.275     0.041
   -10.465     6.797    -3.183   -10.462     6.791    -3.182     0.008
     0.113   -15.404   -31.360     0.112   -15.404   -31.360     0.001
   -18.172   -30.182   -37.125   -18.210   -30.016   -37.035     0.193
    15.164    -9.380   -21.160    15.165    -9.397   -21.178     0.025
    -7.147     5.329    58.982    -7.082     5.328    58.983     0.066
    32.993    -4.281    10.956    32.983    -4.272    10.945     0.017
   -12.033   -26.506   -14.644   -11.997   -26.583   -14.593     0.099
    -3.072     2.898   -26.267    -3.101     2.873   -26.247     0.043
    22.393     0.304    40.354    22.346     0.331    40.351     0.054
    -1.008    -8.371    25.191    -1.020    -8.560    25.244     0.196
    14.947    -4.668    55.921    15.051    -4.845    55.937     0.205
    -5.804    11.034    53.232    -5.851    11.050    53.233     0.050
    -5.393    11.149    55.154    -5.521    11.209    55.172     0.143
    26.974     7.023    27.934    27.005     7.026    27.944     0.033
    -6.350     4.660   -29.117    -6.299     4.706   -29.139     0.072
   -35.931   -25.192   -34.397   -35.884   -25.147   -34.374     0.069
   -27.778   -29.491   -17.153   -27.812   -29.533   -17.128     0.060
    37.937    10.429    -7.574    37.848    10.383    -7.556     0.101
    20.935   -12.575    -1.012    20.896   -12.509    -1.055     0.088
    -6.201    10.527    51.400    -6.059    10.477    51.402     0.151
   -23.856     9.129   -37.054   -23.872     9.179   -37.093     0.065
    20.870    -3.502    33.558    20.908    -3.554    33.567     0.065
    22.577    10.213   -30.904    22.577    10.212   -30.910     0.006
   -31.102   -28.868   -18.337   -31.062   -28.798   -18.369     0.086
   -28.592    -8.078   -47.781   -28.584    -8.085   -47.751     0.032
    40.513     4.362    -4.127    40.554     4.361    -4.123     0.041
     0.697     3.554   -22.526     0.652     3.518   -22.483     0.072
    11.882    20.840    54.761    11.880    20.768    54.751     0.073
    13.200    23.169    26.718    13.199    23.164    26.717     0.005
    15.100   -14.287   -16.316    15.095   -14.311   -16.334     0.030
    -7.072     2.770    34.580    -7.074     2.769    34.580     0.002
    18.619    26.311    -7.580    18.612    26.256    -7.577     0.056
    12.759   -15.378   -13.530    12.759   -15.351   -13.519     0.029
   -11.059     9.528   -20.521   -11.065     9.511   -20.524     0.019
   -14.787   -31.633   -24.392   -14.781   -31.654   -24.391     0.021
   -40.752    -0.175   -20.989   -40.766    -0.167   -20.988     0.017
     1.587     6.611   -18.507     1.584     6.606   -18.502     0.008
    -9.837   -22.990   -41.961    -9.889   -22.930   -41.903     0.099
    -1.783    17.741    48.345    -1.708    17.661    48.285     0.125
   -17.552   -28.393   -14.091   -17.541   -28.429   -14.067     0.045
   -39.593    -9.962   -40.003   -39.510    -9.956   -39.986     0.085
   -12.199    10.405    19.028   -12.221    10.401    19.027     0.022
    -7.783    18.161    39.570    -7.791    18.169    39.578     0.014
    20.460    12.832    58.999    20.463    12.833    59.000     0.004
   -10.798     6.599     3.811   -10.886     6.698     3.796     0.133
    -4.999     7.880   -18.666    -5.018     7.753   -18.620     0.137
    29.694    17.382    12.570    29.738    17.415    12.594     0.060
   -39.885    -7.968   -38.265   -39.990    -7.965   -38.293     0.108
   -31.489     5.636   -15.025   -31.446     5.583   -15.072     0.082
   -27.070   -31.479   -31.598   -27.106   -31.564   -31.614     0.093
   -12.844    -4.290     7.669   -12.792    -4.264     7.646     0.063
   -32.000     8.126   -31.929   -32.000     8.127   -31.930     0.001
    -3.718    -3.768    60.150    -3.759    -3.802    60.146     0.053
    19.003    -7.070   -23.522    18.994    -7.068   -23.541     0.021
   -28.771   -31.487   -24.995   -28.757   -31.454   -24.994     0.035
    19.273    21.464    26.121    19.359    21.625    26.154     0.185
    35.424    -3.701    -7.620    35.427    -3.705    -7.620     0.006
   -43.096   -11.113   -20.721   -43.139   -11.116   -20.712     0.044
   -15.250     8.662   -37.876   -15.251     8.657   -37.872     0.006
    -6.020   -26.986   -28.608    -6.047   -26.949   -28.602     0.046
   -32.089     4.124   -39.343   -32.051     4.088   -39.301     0.067
   -32.250     4.390   -38.837   -32.259     4.399   -38.847     0.015
    38.479     4.172     7.869    38.583     4.183     7.945     0.129
     2.369     3.071   -21.439     2.401     3.121   -21.507     0.090
   -39.400   -16.462   -14.746   -39.544   -16.518   -14.646     0.184
     3.199     3.056    63.553     3.198     3.056    63.540     0.013
    35.616     0.921   -18.845    35.680     0.925   -18.865     0.067
    21.809     3.405    53.254    21.643     3.438    53.224     0.172
    36.067    12.965   -11.197    36.089    12.978   -11.199     0.026
   -11.441   -30.276   -25.569   -11.386   -30.388   -25.556     0.125
     7.878    -8.469   -23.235     7.835    -8.553   -23.124     0.146
     9.058    13.973    -9.779     9.088    13.956    -9.729     0.061
    24.645    24.356     3.387    24.583    24.233     3.376     0.138
    13.925    -2.376    63.264    13.923    -2.389    63.097     0.167
    -0.075     5.279   -21.069    -0.025     5.344   -21.107     0.090
    18.531    -6.053    24.233    18.526    -6.019    24.230     0.034
    -4.421    -3.758    41.619    -4.349    -3.703    41.627     0.091
    -2.033    16.158    54.431    -2.025    16.148    54.428     0.013
    38.395     1.207     7.545    38.450     1.191     7.566     0.061
    -8.839    22.579    17.952    -8.816    22.470    18.029     0.135
   -17.596    -7.612    -1.134   -17.540    -7.601    -1.168     0.067
    35.407    -3.264    -3.773    35.401    -3.257    -3.773     0.009
    -8.298   -23.219   -12.956    -8.271   -23.252   -12.923     0.054
    -9.231     7.439    -8.414    -9.225     7.426    -8.415     0.015
    39.172     2.093   -10.520    39.118     2.095   -10.504     0.056
    -4.817    16.891    10.642    -4.841    16.910    10.619     0.039
    14.169    -5.891    41.421    14.186    -5.944    41.423     0.057
     0.228    18.979    48.547     0.306    18.825    48.517     0.174
    29.469    21.147   -13.589    29.534    21.244   -13.587     0.117
    24.179    -2.121   -27.169    24.175    -2.088   -27.076     0.099
    33.906    17.174     2.262    33.931    17.198     2.264     0.034
    26.153     8.329   -30.430    26.149     8.335   -30.381     0.050
    -4.322   -24.653   -30.507    -4.238   -24.731   -30.535     0.118
     6.418    20.436    44.933     6.416    20.447    44.934     0.011
    21.437    13.552    48.051    21.476    13.576    48.056     0.046
    -0.428    17.672    52.229    -0.436    17.685    52.232     0.016
    35.103    15.576    -8.494    35.011    15.502    -8.503     0.118
   -31.288   -10.299    -6.480   -31.250   -10.300    -6.526     0.060
    -6.432     8.175   -18.125    -6.436     8.145   -18.114     0.032
    31.821     0.502    15.384    31.912     0.473    15.458     0.121
    17.631    18.887   -30.331    17.656    18.926   -30.388     0.073
   -39.617   -15.314   -37.802   -39.528   -15.305   -37.785     0.090
    -6.113    10.612    53.217    -6.015    10.578    53.215     0.104
    -5.062   -24.185   -34.204    -5.042   -24.206   -34.213     0.030
    16.102     8.616   -19.894    15.952     8.586   -19.927     0.157
    20.535     2.262    59.428    20.577     2.253    59.433     0.044
   -12.005    10.140   -25.500   -12.063    10.058   -25.482     0.102
   -14.028    -0.745     7.047   -13.972    -0.735     7.026     0.061
   -22.250    -2.330    -6.960   -22.182    -2.398    -7.036     0.123
     2.181   -17.803   -22.423     2.199   -17.814   -22.431     0.022
    11.247    22.202    33.279    11.238    22.316    33.296     0.116
    -3.260    -4.797    43.350    -3.364    -4.918    43.353     0.160
    -6.633    15.793    42.621    -6.681    15.803    42.637     0.052
    24.780    -0.157    29.719    24.822    -0.178    29.728     0.048
   -22.900     1.034   -45.693   -22.901     1.028   -45.686     0.009
    -6.839   -24.540   -16.177    -6.853   -24.519   -16.188     0.028
   -24.374     9.573   -18.014   -24.375     9.567   -18.023     0.011
    11.135    20.235    59.437    11.161    20.463    59.465     0.231
    -6.279   -27.289   -27.241    -6.254   -27.323   -27.247     0.042
   -13.699    20.377    19.688   -13.725    20.392    19.673     0.033
   -37.651   -25.269   -25.422   -37.615   -25.236   -25.424     0.049
   -22.975   -12.790   -48.312   -23.004   -12.813   -48.251     0.072
   -11.283    12.799    34.823   -11.317    12.770    34.857     0.056
    34.314    14.318   -15.577    34.306    14.314   -15.573     0.010
    12.818    24.944    -9.232    12.860    24.868    -9.193     0.095
    -0.113    20.048    41.981    -0.114    20.053    41.981     0.005
    -4.368    20.548    38.524    -4.373    20.576    38.535     0.031
    -6.858     7.985    46.855    -6.778     7.978    46.851     0.081
    -1.963   -10.794    13.321    -1.914   -10.663    13.305     0.141
    40.293     2.484    -4.876    40.264     2.505    -4.880     0.036
    22.712    10.077    49.089    22.595    10.049    49.066     0.123
    16.619    22.348    31.869    16.600    22.229    31.877     0.121
     7.186    20.629    44.641     7.191    20.595    44.638     0.035
    32.219    13.589    12.463    32.275    13.628    12.525     0.092

