
    29.381    10.694   -28.310    29.382    10.694   -28.311     0.001
     7.200     9.512   -13.284     7.201     9.566   -13.331     0.072
    -6.874     4.297    59.558    -6.832     4.313    59.554     0.045
    -0.252    18.943    45.829    -0.229    18.897    45.830     0.052
    -8.614     3.533    27.574    -8.494     3.562    27.540     0.128
   -22.337   -32.629   -24.986   -22.333   -32.695   -24.984     0.066
    -4.581   -21.600   -36.788    -4.479   -21.678   -36.859     0.147
    19.586   -15.459    -3.846    19.564   -15.369    -3.928     0.124
   -18.803    11.673   -31.741   -18.799    11.698   -31.748     0.026
   -12.266    10.768    18.629   -12.272    10.767    18.628     0.005
    27.740    11.618    22.821    27.618    11.583    22.780     0.134
    30.932    18.691   -17.795    30.995    18.728   -17.813     0.075
   -26.000     0.097   -12.076   -26.025     0.146   -12.020     0.078
     8.678    -6.486    38.399     8.694    -6.622    38.401     0.137
    -9.437   -13.400    -1.121    -9.442   -13.438    -1.096     0.046
    34.412    16.155    -1.565    34.300    16.052    -1.539     0.154
    14.718    26.700    -3.883    14.700    26.840    -3.909     0.144
    14.476    10.194   -16.638    14.514    10.184   -16.613     0.047
   -11.889     2.878    14.504   -11.909     2.876    14.508     0.021
    12.137    11.732   -12.404    12.165    11.707   -12.350     0.066
    23.835   -15.060    -9.804    23.692   -14.894    -9.832     0.221
   -15.322   -13.190    -3.262   -15.340   -13.231    -3.217     0.063
   -41.584   -19.324   -23.437   -41.495   -19.286   -23.444     0.098
    29.589    13.097    17.104    29.621    13.106    17.123     0.038
    21.428    25.880     0.428    21.412    25.839     0.423     0.045
    21.747    -3.924    29.169    21.602    -3.733    29.106     0.248
    17.612    -7.042    15.992    17.656    -7.220    16.024     0.186
   -10.090     9.347   -22.953   -10.104     9.325   -22.948     0.027
    -7.223     5.075   -30.553    -7.235     5.064   -30.547     0.017
    -0.431   -15.143   -34.645    -0.390   -15.139   -34.654     0.042
    26.190    21.720    11.071    26.208    21.749    11.083     0.036
   -34.131   -26.805   -18.339   -34.125   -26.798   -18.343     0.010
   -38.163     3.363   -21.952   -38.230     3.426   -21.927     0.095
   -42.397    -2.090   -25.278   -42.421    -2.080   -25.275     0.027
   -25.945   -15.353   -47.789   -25.944   -15.352   -47.785     0.005
    13.010    23.826   -11.168    12.911    24.003   -11.237     0.214
    18.624    25.734   -10.782    18.624    25.877   -10.803     0.145
    -2.498    -5.269    45.049    -2.526    -5.355    45.060     0.091
    26.747     7.689   -30.353    26.740     7.701   -30.258     0.096
    27.106    22.891     4.336    27.107    22.891     4.336     0.001
    -4.714    -2.364    53.467    -4.713    -2.363    53.467     0.001
   -16.143    18.785    25.645   -16.164    18.789    25.646     0.022
   -22.106   -12.833   -47.755   -22.078   -12.811   -47.815     0.071
    25.420   -13.745   -16.626    25.414   -13.730   -16.622     0.017
    -6.513    -8.145   -43.765    -6.524    -8.147   -43.755     0.014
   -21.344    10.482   -35.536   -21.344    10.488   -35.541     0.007
   -16.658   -27.938   -13.679   -16.666   -27.913   -13.696     0.032
   -37.411   -10.347   -10.285   -37.535   -10.362   -10.201     0.151
    37.940    11.416     2.432    38.038    11.479     2.440     0.117
   -21.640   -10.200    -3.937   -21.596   -10.180    -4.012     0.089
   -28.713   -31.072   -29.571   -28.776   -31.231   -29.578     0.170
    34.389     0.044   -21.792    34.555     0.042   -21.899     0.198
   -17.534    10.955   -21.245   -17.562    10.889   -21.275     0.077
    34.899    15.841    -9.956    34.888    15.832    -9.957     0.014
     7.394   -13.007   -20.853     7.395   -13.008   -20.854     0.002
    33.251    14.791    10.419    33.226    14.773    10.405     0.034
    11.841    26.911     4.779    11.861    26.857     4.768     0.059
   -41.956   -16.732   -29.349   -41.971   -16.737   -29.358     0.018
    -4.054    18.995    11.662    -4.010    18.952    11.697     0.071
    10.999    -7.522    19.668    11.007    -7.629    19.701     0.113
    40.501     2.607    -4.129    40.301     2.735    -4.163     0.240
    31.107    -6.969     7.138    31.115    -6.984     7.145     0.018
    10.028    -6.695    50.911    10.028    -6.694    50.911     0.001
    21.196    -3.722   -24.665    21.252    -3.722   -24.603     0.084
    -0.273    16.747     4.156    -0.258    16.730     4.171     0.027
     9.422    -6.983    60.556     9.445    -7.083    60.551     0.103
   -40.860   -10.807   -31.080   -40.958   -10.854   -31.140     0.124
     8.243    23.151    26.447     8.242    23.177    26.450     0.026
   -28.620   -30.295   -19.261   -28.599   -30.232   -19.294     0.074
    17.807    17.691    52.957    17.744    17.624    52.946     0.092
     5.788   -12.735   -21.986     5.855   -12.776   -22.091     0.132
    -7.582   -21.395   -41.050    -7.551   -21.421   -41.078     0.050
    -0.317    -7.857    28.097    -0.330    -7.970    28.116     0.115
    33.714     2.338    13.812    33.702     2.337    13.803     0.015
    -5.830    -0.233    49.543    -5.853    -0.240    49.544     0.024
   -33.505    -7.481    -8.520   -33.504    -7.484    -8.526     0.007
   -39.507   -21.968   -21.756   -39.603   -22.034   -21.743     0.118
   -34.527     6.747   -21.415   -34.459     6.663   -21.443     0.111
    35.883     6.269   -18.720    35.918     6.277   -18.735     0.039
   -12.116     9.160    20.732   -12.062     9.169    20.734     0.055
    16.806    22.110    30.317    16.803    22.092    30.318     0.018
    -4.230    -3.101    52.481    -4.119    -3.010    52.456     0.146
    -3.021    -0.126    63.438    -3.021    -0.126    63.424     0.014
    10.188    23.051    27.760    10.188    23.032    27.757     0.019
   -44.306   -10.015   -25.047   -44.269   -10.012   -25.038     0.038
    25.584    14.051   -28.643    25.584    14.051   -28.642     0.000
    18.445   -11.176   -19.993    18.441   -11.186   -20.004     0.015
    29.090    -1.299    18.521    29.077    -1.289    18.512     0.019
    26.495     1.777    27.147    26.651     1.718    27.204     0.176
   -20.262    -9.693    -3.476   -20.296    -9.695    -3.386     0.096
    -8.205    11.035     8.094    -8.128    10.953     8.120     0.115
   -27.458   -26.935   -12.114   -27.507   -27.011   -12.065     0.103
    -8.448    10.849     9.091    -8.511    10.908     9.067     0.090
     7.927    23.804    21.521     7.922    23.912    21.535     0.109
    31.372    12.747    14.028    31.382    12.750    14.035     0.013
     5.775    -7.068    34.628     5.777    -7.077    34.628     0.009
   -22.023    -1.072    -8.380   -22.126    -0.969    -8.265     0.186
   -16.584    -1.450     0.976   -16.698    -1.428     1.046     0.135
   -39.558     2.412   -29.345   -39.509     2.377   -29.343     0.061
    24.223    18.382    22.930    24.174    18.344    22.915     0.064
   -17.446   -30.608   -35.712   -17.458   -30.556   -35.685     0.060
    13.419    -8.404    14.171    13.420    -8.410    14.172     0.007
    -4.068   -15.921    -4.521    -4.068   -15.920    -4.521     0.001
   -39.534     2.408   -28.515   -39.528     2.403   -28.515     0.007
     6.499   -15.024   -18.954     6.445   -14.965   -18.930     0.084
    15.675    21.411    38.215    15.728    21.626    38.204     0.222
    30.104    13.984    15.794    29.924    13.870    15.738     0.219
    -3.728     8.462    63.331    -3.683     8.424    63.235     0.113
    18.269    12.165    62.875    18.286    12.164    63.120     0.246
     0.880    20.418    41.394     0.880    20.420    41.394     0.003
   -32.105   -11.860   -46.726   -32.084   -11.864   -46.639     0.090
   -17.522     0.262    -2.375   -17.532     0.266    -2.373     0.011
    -6.923    -0.458    33.369    -6.820    -0.436    33.358     0.106
    37.913     1.359   -13.516    37.982     1.357   -13.542     0.073
     5.897    21.358    36.659     5.896    21.444    36.662     0.086
   -30.679   -27.594   -16.041   -30.714   -27.632   -16.014     0.058
   -12.430     1.332    11.499   -12.420     1.331    11.496     0.010
     8.752   -13.598   -18.906     8.753   -13.599   -18.907     0.001
     2.033    10.246   -10.325     1.978    10.397   -10.381     0.170
    20.503    19.071    33.678    20.599    19.128    33.708     0.115
    -4.493   -12.549     2.312    -4.493   -12.536     2.307     0.014
   -28.493   -25.492   -11.368   -28.549   -25.542   -11.292     0.106
     6.884    -6.360    63.322     6.894    -6.340    63.271     0.056
   -32.585     7.350   -19.080   -32.564     7.321   -19.095     0.039
    -7.920    21.144    37.119    -7.860    20.967    36.996     0.224
    18.797   -13.917    -1.303    18.740   -13.789    -1.387     0.163
    31.381    -7.378     5.291    31.415    -7.431     5.295     0.063
    24.421     0.119    32.909    24.340     0.159    32.887     0.093
    -6.846     8.478    45.763    -6.807     8.474    45.758     0.039
    25.079    24.147    -7.132    25.062    24.108    -7.131     0.042
   -37.471   -23.716   -34.210   -37.350   -23.632   -34.167     0.153
    10.087    24.435    19.662    10.080    24.273    19.638     0.163
    -4.665   -23.217   -16.751    -4.615   -23.291   -16.714     0.097
    11.246    13.425   -11.479    11.296    13.408   -11.371     0.120
   -26.321   -29.093   -15.201   -26.307   -29.038   -15.223     0.061
   -31.294   -27.096   -15.650   -31.281   -27.067   -15.673     0.039
    25.225     7.386    34.886    25.109     7.374    34.858     0.120
     2.713   -11.638    10.553     2.719   -11.594    10.539     0.047
   -12.669     4.498     7.921   -12.672     4.500     7.921     0.003
   -24.207   -30.586   -35.421   -24.231   -30.725   -35.484     0.154
    12.504    12.953    62.996    12.506    12.954    63.097     0.101
   -42.749   -16.015   -23.088   -42.744   -16.013   -23.089     0.005
    -5.584    -5.218    29.020    -5.553    -5.187    29.019     0.044
    -6.961     5.133    59.575    -7.094     5.135    59.573     0.133
   -30.666   -19.009    -8.021   -30.682   -19.016    -7.991     0.034
    -4.900    14.235     7.629    -4.853    14.181     7.682     0.089
    -4.146    -3.010    53.962    -4.219    -3.068    53.952     0.095
   -14.049    22.684    25.990   -14.077    22.715    25.989     0.042
   -38.130    -0.244   -37.780   -38.060    -0.294   -37.733     0.098
    13.272    25.044    14.246    13.284    25.124    14.263     0.083
   -15.220   -31.898   -25.648   -15.230   -31.861   -25.650     0.039
    -8.332    11.233     8.646    -8.192    11.102     8.699     0.199
    -7.130     6.507    56.933    -7.089     6.499    56.936     0.042
    -1.272    12.055    62.856    -1.305    12.091    63.001     0.153
   -28.218   -21.551    -7.820   -28.246   -21.576    -7.762     0.069
   -21.468    -0.720   -46.695   -21.466    -0.712   -46.707     0.015
    -3.236   -20.813   -13.652    -3.239   -20.806   -13.655     0.008
   -42.105    -9.674   -17.409   -42.117    -9.675   -17.404     0.014
     7.407    -7.074    50.040     7.404    -6.953    50.049     0.122
   -23.524   -28.195   -13.286   -23.525   -28.203   -13.281     0.010
   -22.882     5.399   -14.181   -22.879     5.383   -14.200     0.025
   -39.695     1.905   -22.660   -39.740     1.937   -22.646     0.057
    -9.293   -27.091   -16.679    -9.364   -27.012   -16.738     0.121
   -10.388   -18.132   -44.699   -10.403   -18.120   -44.707     0.021
     0.049    21.682    11.078     0.101    21.590    11.115     0.112
    32.354    18.609     3.004    32.437    18.688     3.012     0.115
    21.142   -13.766    -3.198    21.154   -13.787    -3.181     0.029
    20.548    -1.067    46.466    20.613    -1.137    46.484     0.097
     3.012     8.724    63.366     3.012     8.725    63.392     0.026
    -2.501   -10.644   -39.346    -2.541   -10.639   -39.315     0.051
     6.574    19.713    57.651     6.543    19.801    57.655     0.094
   -34.462    -2.600   -10.758   -34.527    -2.597   -10.718     0.076
    22.020    17.821   -28.727    22.020    17.822   -28.728     0.002
    21.339     4.665    59.340    21.082     4.716    59.313     0.264
    13.975    22.706    30.608    13.955    22.585    30.616     0.123
    -3.567    -5.136    38.626    -3.531    -5.098    38.619     0.053
    23.679     9.258    42.404    23.660     9.256    42.400     0.019
    -2.027    -6.424    35.313    -2.027    -6.425    35.313     0.001
   -36.869   -25.819   -27.757   -36.911   -25.862   -27.765     0.061
    -7.241    11.543    42.272    -7.207    11.543    42.261     0.036
   -41.540   -19.365   -22.980   -41.445   -19.325   -22.987     0.104
   -11.810    15.437    36.160   -11.776    15.456    36.128     0.050
   -25.638    -6.369   -47.883   -25.647    -6.371   -47.838     0.046
    -1.063   -10.370   -34.765    -1.021   -10.363   -34.774     0.044
   -28.172     2.800   -13.425   -28.175     2.811   -13.402     0.026
    -4.963    13.491    50.912    -4.943    13.479    50.909     0.023
    -6.221     2.504   -32.141    -6.086     2.558   -32.141     0.145
   -28.633    10.527   -22.784   -28.626    10.510   -22.789     0.019
    -0.340   -20.488   -25.665    -0.298   -20.512   -25.675     0.049
    -3.923    -9.600    14.256    -3.961    -9.692    14.274     0.101
    -2.064   -10.874   -37.826    -1.990   -10.880   -37.840     0.075
   -11.136   -19.195   -44.894   -11.149   -19.185   -44.901     0.018
   -25.598    11.638   -24.734   -25.601    11.655   -24.733     0.018
    -4.043   -19.516   -38.407    -4.032   -19.523   -38.418     0.017
     4.464   -17.366   -15.143     4.430   -17.306   -15.144     0.069
    16.710     7.171    63.178    16.708     7.172    63.150     0.029
   -41.543    -2.368   -32.347   -41.440    -2.397   -32.304     0.115
   -34.695    -8.342    -8.390   -34.716    -8.313    -8.339     0.062
     7.178    18.909    61.423     7.181    18.927    61.438     0.023
     7.535    -5.940    63.429     7.535    -5.940    63.421     0.009

	