
   -15.634    18.774    22.125   -15.638    18.775    22.125     0.004
   -22.833    -2.178   -47.504   -22.833    -2.178   -47.504     0.001
    31.067     0.771   -26.978    31.068     0.771   -26.978     0.001
    35.595    10.611   -16.302    35.589    10.609   -16.301     0.006
    -8.150     6.484    32.235    -8.150     6.484    32.235     0.000
    25.628    -7.364     8.871    25.628    -7.364     8.871     0.001
    11.429    15.478    63.111    11.429    15.478    63.113     0.002
   -29.253   -16.845   -46.905   -29.253   -16.846   -46.908     0.003
   -14.555    -9.733   -48.231   -14.555    -9.733   -48.230     0.001
     9.929    21.109    49.178     9.928    21.110    49.178     0.001
   -37.203   -20.317   -14.085   -37.199   -20.316   -14.087     0.005
    -3.921   -12.945     1.099    -3.921   -12.950     1.101     0.005
     6.869    -9.032    17.491     6.870    -9.034    17.492     0.002
    -2.479    19.257    42.727    -2.479    19.255    42.727     0.002
   -15.715    11.598   -26.611   -15.714    11.599   -26.611     0.001
   -10.643    -7.725     6.639   -10.644    -7.726     6.639     0.001
     6.395    18.842    -4.995     6.396    18.842    -4.995     0.000
    20.993     8.589    61.591    20.995     8.589    61.591     0.002
   -28.213   -29.597   -17.742   -28.214   -29.603   -17.740     0.006
    18.523    18.152    45.618    18.523    18.152    45.618     0.000
    31.592    -9.099   -15.096    31.592    -9.099   -15.096     0.000
   -33.466   -21.271   -41.865   -33.466   -21.271   -41.865     0.000
    -2.816    -6.931   -38.851    -2.815    -6.931   -38.851     0.000
   -39.768   -17.495   -15.583   -39.768   -17.495   -15.583     0.000
    16.536    17.664    59.395    16.536    17.664    59.395     0.000
    23.056    10.443    45.617    23.060    10.443    45.618     0.003
   -39.852    -2.191   -16.484   -39.851    -2.192   -16.485     0.002
    -7.257    19.202    39.113    -7.259    19.203    39.115     0.002
    19.712    -1.612    49.640    19.711    -1.611    49.640     0.002
    32.316    -8.389   -14.175    32.315    -8.387   -14.176     0.002
   -41.484   -19.393   -27.881   -41.483   -19.392   -27.881     0.002
    23.276     5.684    44.975    23.277     5.684    44.975     0.001
    -6.012   -18.065    -7.861    -6.012   -18.066    -7.861     0.001
    38.311     7.662    -9.869    38.311     7.662    -9.869     0.000
   -38.015     0.943   -36.330   -38.013     0.942   -36.329     0.002
   -36.410    -0.927   -40.549   -36.412    -0.926   -40.551     0.003
    -0.831    -8.666    24.916    -0.830    -8.664    24.915     0.003
     9.528    22.749    -6.856     9.529    22.748    -6.855     0.000
    24.048   -15.005   -14.787    24.050   -15.010   -14.787     0.005
   -10.725   -26.484   -38.517   -10.723   -26.487   -38.520     0.005
    33.695    -5.813    -9.715    33.693    -5.811    -9.716     0.003
    24.981    10.756    33.398    24.980    10.755    33.397     0.001
   -12.777   -14.937    -3.857   -12.778   -14.938    -3.857     0.001
    37.073    12.816    -3.800    37.072    12.814    -3.800     0.002
   -15.930   -11.742   -48.486   -15.931   -11.742   -48.487     0.001
    11.934   -16.830    -4.865    11.933   -16.831    -4.865     0.001
    24.846     1.618   -29.274    24.846     1.618   -29.274     0.000
    -7.722    14.012    40.561    -7.722    14.012    40.561     0.000
    38.273     4.014   -12.545    38.272     4.014   -12.545     0.001
    -3.453    11.629    62.436    -3.452    11.629    62.434     0.002
   -39.703   -11.048   -38.670   -39.704   -11.048   -38.670     0.001
    13.787   -17.430    -7.709    13.787   -17.429    -7.709     0.000
    14.721     1.431    62.994    14.721     1.431    62.994     0.000
   -41.293    -4.366   -34.062   -41.292    -4.366   -34.061     0.002
    -6.819     1.821    35.988    -6.824     1.821    35.988     0.005
    22.007     4.549    52.357    22.007     4.549    52.357     0.000
    13.643    -6.701    24.548    13.643    -6.700    24.547     0.001
   -14.993   -14.352    -4.121   -14.992   -14.351    -4.123     0.003
    -6.832     4.336    43.184    -6.830     4.337    43.184     0.002
   -15.630    -3.270   -47.270   -15.630    -3.270   -47.269     0.001
   -17.752   -31.933   -22.291   -17.752   -31.935   -22.290     0.003
   -16.722    -4.593     1.228   -16.722    -4.593     1.227     0.001
    20.360    14.504    51.731    20.359    14.504    51.731     0.001
     6.290    17.737    -5.218     6.292    17.736    -5.216     0.003
    -5.774    -0.503    57.286    -5.776    -0.503    57.286     0.002
    18.046    -7.691    13.566    18.046    -7.690    13.566     0.001
    -3.269   -19.722   -37.152    -3.271   -19.720   -37.151     0.003
    17.838    23.961    16.153    17.839    23.962    16.153     0.001
   -40.072   -20.666   -19.190   -40.070   -20.665   -19.191     0.003
   -34.553     3.088   -14.788   -34.553     3.088   -14.788     0.000
     6.742   -12.461     7.816     6.743   -12.459     7.816     0.002
   -34.975   -24.618   -16.119   -34.975   -24.617   -16.119     0.001
   -32.274   -29.214   -22.479   -32.274   -29.214   -22.479     0.000
    -0.469    -5.985    63.094    -0.470    -5.986    63.094     0.002
   -40.090    -7.959   -37.919   -40.088    -7.959   -37.918     0.001
   -42.853    -3.066   -26.832   -42.851    -3.066   -26.832     0.002
    26.046    23.847    -0.350    26.047    23.850    -0.350     0.003
    11.309    22.935   -10.510    11.307    22.937   -10.510     0.003
     2.051   -17.039    -8.320     2.051   -17.037    -8.321     0.002
    23.096    -4.223    23.377    23.096    -4.223    23.377     0.000
    -0.100    -6.191    62.989    -0.099    -6.190    62.989     0.001
    27.073     8.119    27.350    27.074     8.119    27.350     0.001
    33.261    14.549    10.630    33.263    14.550    10.632     0.003
    25.990     9.755   -30.183    25.990     9.756   -30.183     0.000
     4.979    -6.535    62.866     4.979    -6.536    62.868     0.002
    15.281    -6.308   -22.318    15.281    -6.308   -22.317     0.001
   -37.469   -23.846   -18.940   -37.470   -23.847   -18.939     0.002
   -42.717   -15.983   -22.808   -42.714   -15.982   -22.808     0.003
    -5.587    -1.046    57.770    -5.586    -1.046    57.770     0.001
   -25.112     7.430   -16.068   -25.112     7.430   -16.069     0.000
    29.823     8.093    19.588    29.823     8.093    19.588     0.000
    -9.646     7.322    -9.394    -9.646     7.322    -9.394     0.000
    21.317   -10.717     1.908    21.317   -10.718     1.909     0.000
   -12.631   -17.949   -45.925   -12.633   -17.948   -45.921     0.004
     2.728   -11.964     8.308     2.728   -11.963     8.308     0.001
   -27.267   -29.773   -16.787   -27.265   -29.771   -16.788     0.003
    25.050    14.515    27.051    25.050    14.515    27.051     0.000
    -2.383    -5.285    58.955    -2.385    -5.287    58.954     0.002
    33.209    12.686    12.081    33.209    12.686    12.081     0.000
    12.584    -6.997    22.971    12.584    -6.999    22.972     0.003
    22.670    -6.020   -25.151    22.669    -6.020   -25.152     0.002
    30.489    20.363     4.629    30.492    20.365     4.629     0.003
    27.974    17.541    14.901    27.972    17.539    14.900     0.003
    21.751   -10.198     2.448    21.752   -10.202     2.449     0.004
     0.535    23.744    16.056     0.535    23.744    16.056     0.001
     7.809    22.835    28.754     7.809    22.837    28.755     0.002
    -7.026     6.714    60.578    -7.022     6.713    60.578     0.004
    35.422     7.839   -19.324    35.424     7.839   -19.325     0.003
    11.140    -6.458    31.875    11.140    -6.459    31.875     0.002
    25.714    18.739    17.511    25.713    18.738    17.510     0.002
    35.289    -3.418    -0.775    35.290    -3.419    -0.775     0.002
    30.953    -9.874   -15.643    30.953    -9.874   -15.643     0.000
    22.529     4.086    47.530    22.530     4.086    47.531     0.001
   -17.571     4.691   -11.283   -17.569     4.684   -11.286     0.007
   -10.286   -20.461   -43.737   -10.287   -20.461   -43.736     0.001
    21.382   -13.219   -20.831    21.382   -13.219   -20.831     0.000
   -11.468   -17.746    -6.839   -11.468   -17.745    -6.840     0.001
    35.223     0.829    11.809    35.223     0.829    11.809     0.001
   -22.475   -13.580    -5.623   -22.475   -13.579    -5.624     0.001
    -8.772   -29.094   -25.950    -8.773   -29.093   -25.950     0.001
   -27.268   -18.129    -7.188   -27.268   -18.129    -7.187     0.001
   -14.490     8.710   -17.255   -14.490     8.710   -17.255     0.000
   -26.098   -12.688   -48.325   -26.098   -12.688   -48.327     0.002
    36.388    13.944     0.861    36.386    13.943     0.862     0.003
   -38.357   -14.654   -40.838   -38.357   -14.654   -40.838     0.000
   -35.298   -18.285   -42.272   -35.301   -18.287   -42.274     0.004
   -17.373     1.149   -45.616   -17.374     1.150   -45.618     0.002
   -14.978     2.412     1.374   -14.980     2.413     1.375     0.002
   -17.508     1.060   -45.676   -17.507     1.059   -45.675     0.001
   -13.111   -25.111   -11.609   -13.111   -25.110   -11.610     0.001
   -35.821   -22.842   -14.878   -35.822   -22.844   -14.877     0.002
    36.344    14.237     3.435    36.345    14.237     3.435     0.001
    -8.989   -28.213   -32.651    -8.988   -28.214   -32.651     0.001
    -2.398    19.788    10.753    -2.398    19.788    10.753     0.001
    12.101    -8.538    14.725    12.102    -8.540    14.726     0.002
   -33.283   -27.664   -33.983   -33.283   -27.663   -33.983     0.001
   -11.285    15.432    36.548   -11.285    15.431    36.548     0.001
   -31.233    -7.994    -7.570   -31.234    -7.993    -7.568     0.002
    -6.903    15.337    11.738    -6.903    15.337    11.738     0.000
    15.283    24.777   -13.120    15.284    24.774   -13.119     0.003
    38.430    11.026    -2.271    38.431    11.027    -2.271     0.001
    11.388    -5.708    62.723    11.388    -5.708    62.723     0.000
    -0.947   -10.856   -34.800    -0.947   -10.856   -34.800     0.000
     5.677   -10.081    14.832     5.677   -10.081    14.832     0.000
   -36.710   -24.754   -33.404   -36.712   -24.756   -33.405     0.003
     3.314    -6.933    42.622     3.314    -6.931    42.622     0.003
    38.693     2.328   -11.756    38.693     2.328   -11.756     0.000
    19.017    25.495   -20.284    19.017    25.499   -20.284     0.004
    -4.523    13.795    52.090    -4.520    13.793    52.089     0.004
    -2.054    -5.723    41.762    -2.052    -5.720    41.762     0.004
    20.320   -14.269    -3.193    20.321   -14.271    -3.191     0.003
    -4.309   -24.472   -19.975    -4.309   -24.471   -19.975     0.001
   -32.163   -29.279   -30.188   -32.164   -29.280   -30.188     0.002
    33.996    11.275   -20.767    33.996    11.275   -20.767     0.001
    32.575    -6.805    -3.851    32.575    -6.805    -3.851     0.000
    -8.515   -25.135   -38.101    -8.516   -25.135   -38.100     0.001
    10.481    22.951    -8.416    10.478    22.953    -8.417     0.004
   -22.235    11.114   -33.381   -22.235    11.118   -33.382     0.004
   -14.436    20.573    30.830   -14.435    20.572    30.830     0.002
   -42.708   -13.677   -27.547   -42.704   -13.678   -27.545     0.004
    18.240   -15.606    -3.537    18.240   -15.607    -3.536     0.002
    38.217    -0.740    -9.299    38.216    -0.740    -9.299     0.002
    22.104    18.505    29.245    22.105    18.506    29.245     0.001
    -5.682    -0.804    53.445    -5.684    -0.805    53.445     0.002
    23.721    20.494    18.476    23.722    20.495    18.476     0.001
   -15.760   -11.764   -48.504   -15.761   -11.765   -48.506     0.002
    18.891    -9.019     8.047    18.891    -9.020     8.047     0.001
    29.852    20.991    -5.697    29.854    20.992    -5.697     0.002
   -35.622   -24.857   -17.358   -35.623   -24.858   -17.357     0.002
    17.933   -11.702   -19.414    17.934   -11.696   -19.407     0.008
    23.196    12.882    39.229    23.196    12.882    39.229     0.000
    -3.333   -14.478   -39.682    -3.334   -14.478   -39.681     0.001
     6.611   -13.970   -20.570     6.610   -13.970   -20.570     0.001
   -22.412    12.223   -26.186   -22.412    12.223   -26.186     0.000
    -3.166     9.814    -7.362    -3.166     9.812    -7.361     0.002
    -3.704    20.898    38.052    -3.704    20.894    38.051     0.004
    38.680     1.576     7.263    38.679     1.576     7.263     0.001
    17.900   -13.054     0.501    17.898   -13.049     0.499     0.005
    21.953    16.941    33.610    21.953    16.941    33.610     0.001
    21.234    11.485    55.974    21.235    11.486    55.974     0.001
     0.135   -19.561   -15.450     0.135   -19.560   -15.450     0.000
    25.776    21.160    13.266    25.776    21.161    13.266     0.001
   -34.569   -26.220   -18.000   -34.571   -26.223   -17.999     0.003
     3.366    -9.099    20.338     3.366    -9.101    20.339     0.002
   -12.802    23.703    25.819   -12.802    23.703    25.819     0.000
    26.889    12.636    24.140    26.888    12.636    24.139     0.001
    -6.214    18.800    13.043    -6.214    18.800    13.042     0.000
    -3.434    -4.196    56.765    -3.435    -4.197    56.765     0.001
    -0.374   -19.329   -14.068    -0.376   -19.328   -14.069     0.002
    18.934    -8.954     8.236    18.935    -8.957     8.237     0.003
    23.864    22.765    12.033    23.866    22.770    12.034     0.005
    14.832    -4.898    56.779    14.832    -4.897    56.779     0.001
    -3.668    -3.844    57.457    -3.671    -3.847    57.458     0.004
    39.947     6.300     2.042    39.942     6.299     2.041     0.005
   -12.170     5.248     7.448   -12.170     5.248     7.448     0.000
    -2.333    15.616    57.449    -2.334    15.617    57.449     0.002
    29.998    20.962    -1.444    30.002    20.967    -1.445     0.007
    10.863    -7.965    18.630    10.863    -7.966    18.630     0.001
   -33.927    -7.685    -8.503   -33.928    -7.683    -8.501     0.003
   -39.078   -17.715   -37.591   -39.079   -17.715   -37.591     0.000

