
    -4.590    13.547    53.440    -4.593    13.550    53.440     0.004
    -0.567   -16.474   -34.676    -0.568   -16.474   -34.675     0.002
    -5.421   -23.118   -15.312    -5.423   -23.114   -15.314     0.004
    38.723     2.829   -11.741    38.729     2.828   -11.744     0.006
   -10.538    -1.104    15.292   -10.542    -1.105    15.293     0.005
     4.678     4.921    63.388     4.677     4.921    63.386     0.002
   -24.787    11.341   -21.680   -24.786    11.339   -21.680     0.001
   -42.416    -3.757   -20.269   -42.414    -3.758   -20.270     0.002
    21.450   -16.498   -12.329    21.449   -16.496   -12.329     0.003
    -6.991     3.950    36.291    -6.990     3.950    36.291     0.001
   -12.863   -25.239   -41.538   -12.859   -25.245   -41.544     0.009
     3.790    -7.325    57.126     3.789    -7.337    57.126     0.012
    35.258    -3.235     9.360    35.253    -3.232     9.358     0.006
     6.684    -4.370   -22.965     6.685    -4.370   -22.967     0.002
    -2.871    -5.777   -34.530    -2.872    -5.777   -34.530     0.001
    34.271    -4.780     7.958    34.269    -4.778     7.957     0.002
    22.376    14.380    39.588    22.374    14.379    39.588     0.002
    28.325    -5.101   -25.901    28.325    -5.095   -25.895     0.008
   -40.410   -19.631   -31.560   -40.408   -19.631   -31.559     0.002
   -30.208   -30.347   -30.995   -30.208   -30.348   -30.995     0.001
    26.617     7.346    29.092    26.619     7.346    29.092     0.002
   -33.749     0.809   -12.811   -33.749     0.808   -12.813     0.002
    -6.234    -5.277    25.694    -6.231    -5.274    25.693     0.004
    27.665    22.853    -0.318    27.662    22.851    -0.318     0.003
    27.469     3.334    25.865    27.476     3.334    25.867     0.006
   -35.072   -20.790   -12.041   -35.074   -20.791   -12.039     0.003
    25.343    -0.859   -28.170    25.344    -0.859   -28.169     0.002
   -36.435     5.927   -25.837   -36.435     5.927   -25.837     0.001
     6.826    -6.950    49.778     6.826    -6.948    49.778     0.003
     2.387    -5.051   -25.691     2.385    -5.051   -25.689     0.002
   -24.911   -31.649   -33.174   -24.911   -31.648   -33.174     0.001
    -0.421     5.867   -20.730    -0.419     5.870   -20.732     0.003
   -15.435    17.440    20.174   -15.431    17.439    20.177     0.005
   -15.247    -2.231     4.408   -15.245    -2.230     4.407     0.003
    22.951   -14.724    -6.716    22.952   -14.726    -6.715     0.002
   -30.740     9.209   -20.966   -30.741     9.211   -20.966     0.002
     2.062    18.414    55.906     2.060    18.420    55.906     0.007
    34.817    -0.916   -21.283    34.816    -0.915   -21.282     0.001
    -1.051   -10.826   -35.252    -1.051   -10.826   -35.252     0.000
   -38.731   -14.198   -40.510   -38.730   -14.198   -40.509     0.001
    24.801    -9.036     3.890    24.801    -9.035     3.889     0.001
    25.275     1.127    30.650    25.279     1.125    30.651     0.005
    24.814    -5.327    16.364    24.812    -5.323    16.363     0.004
   -42.715   -16.855   -25.412   -42.709   -16.852   -25.413     0.006
   -38.416    -4.687   -40.157   -38.419    -4.686   -40.159     0.003
   -38.312   -19.078   -14.727   -38.311   -19.077   -14.728     0.002
    20.869    18.379    34.328    20.873    18.382    34.329     0.005
   -41.995    -7.708   -17.436   -41.992    -7.709   -17.438     0.004
   -20.873   -18.966    -6.442   -20.873   -18.966    -6.444     0.002
    37.954    11.503    -4.001    37.950    11.501    -4.001     0.005
    12.831    19.205   -30.132    12.833    19.205   -30.131     0.002
    15.169    22.269    34.459    15.169    22.271    34.460     0.003
     6.682    19.304    -5.291     6.676    19.305    -5.294     0.007
    18.823    25.016    10.042    18.822    25.015    10.042     0.001
   -22.632     4.035   -43.323   -22.633     4.034   -43.322     0.001
    17.669    -7.300   -22.629    17.671    -7.299   -22.627     0.003
    -6.480     1.544    42.450    -6.479     1.544    42.450     0.001
    -6.780    20.057    14.313    -6.780    20.056    14.314     0.001
   -13.503   -31.354   -25.978   -13.502   -31.358   -25.978     0.004
    33.587    -6.791   -12.143    33.583    -6.787   -12.143     0.006
    25.894    14.439    24.489    25.899    14.441    24.491     0.006
    17.773    17.016    56.191    17.772    17.015    56.191     0.002
    21.102    -9.152   -22.951    21.101    -9.154   -22.953     0.003
    23.614    -1.902    30.673    23.616    -1.905    30.674     0.003
     5.786    18.674    -3.868     5.786    18.674    -3.868     0.000
   -35.149     6.522   -30.271   -35.151     6.525   -30.271     0.004
    -6.062   -10.654     6.528    -6.062   -10.655     6.529     0.001
    -9.071    24.617    22.543    -9.071    24.620    22.542     0.004
    17.539    -9.616   -21.083    17.539    -9.614   -21.081     0.003
   -33.438   -28.056   -20.596   -33.440   -28.058   -20.595     0.003
    24.596    10.598    35.615    24.594    10.598    35.614     0.002
   -14.731    14.565    19.371   -14.725    14.567    19.376     0.007
    37.777    10.827    -6.783    37.779    10.828    -6.784     0.003
    18.498   -13.870   -17.654    18.499   -13.864   -17.648     0.008
    25.372    -6.814    10.837    25.372    -6.812    10.837     0.002
    -6.788     3.209    53.465    -6.791     3.208    53.465     0.003
    -6.194     8.488    -8.138    -6.193     8.484    -8.138     0.005
    34.790    15.820    -8.858    34.789    15.819    -8.858     0.001
    30.974     1.146   -27.164    30.974     1.146   -27.164     0.000
   -16.680     2.843    -6.561   -16.683     2.846    -6.559     0.004
   -12.209     9.577   -28.420   -12.209     9.576   -28.419     0.001
     3.848     2.188   -21.492     3.851     2.194   -21.499     0.010
   -21.049     2.135   -44.688   -21.049     2.133   -44.684     0.004
    16.412   -11.405   -19.208    16.412   -11.407   -19.210     0.003
   -39.407   -20.858   -33.319   -39.406   -20.857   -33.319     0.002
    -8.849   -29.193   -26.199    -8.847   -29.195   -26.198     0.002
    10.255    -6.411    35.586    10.257    -6.418    35.586     0.007
   -21.368    10.032   -18.735   -21.368    10.032   -18.736     0.000
    -2.444   -21.809   -33.930    -2.445   -21.809   -33.929     0.001
    -8.555    -3.083   -43.260    -8.555    -3.083   -43.261     0.001
   -18.923    12.023   -24.982   -18.923    12.016   -24.983     0.007
    35.188    15.162    -7.481    35.182    15.158    -7.481     0.007
    37.407    -1.754     6.727    37.409    -1.756     6.728     0.003
    -2.397     0.581   -27.346    -2.395     0.581   -27.347     0.002
    11.891    18.837    62.526    11.891    18.836    62.526     0.001
     7.478    20.017    -6.213     7.472    20.020    -6.216     0.007
   -30.752   -29.194   -33.965   -30.751   -29.193   -33.965     0.002
    18.037    21.115    36.439    18.039    21.119    36.439     0.005
   -36.107     2.124   -37.872   -36.111     2.128   -37.875     0.006
    -4.150   -20.090   -11.380    -4.149   -20.093   -11.378     0.003
    22.000    16.619    34.334    21.993    16.614    34.333     0.009
     0.649    -5.463   -27.478     0.651    -5.462   -27.479     0.002
    35.294    -4.284     4.883    35.293    -4.283     4.883     0.001
    -6.297     8.873    -4.317    -6.295     8.870    -4.316     0.004
   -10.604     8.011   -13.961   -10.604     8.015   -13.961     0.004
    -5.061    18.141    41.996    -5.062    18.144    41.997     0.004
    -2.921    14.880    59.772    -2.920    14.879    59.772     0.001
   -20.043    -6.206   -48.738   -20.044    -6.206   -48.740     0.003
   -18.340   -14.093   -48.727   -18.340   -14.092   -48.725     0.002
    -7.408    24.909    27.923    -7.408    24.909    27.923     0.001
    19.912    25.478   -20.722    19.912    25.477   -20.722     0.002
   -21.011     7.408   -39.560   -21.011     7.411   -39.563     0.004
    12.001    23.134    27.280    12.001    23.129    27.279     0.005
    -3.702   -10.103    12.585    -3.700   -10.097    12.584     0.006
    13.470   -10.387     9.076    13.470   -10.385     9.076     0.001
    33.334    -5.626    -1.460    33.334    -5.626    -1.460     0.000
    23.143    17.134    28.893    23.147    17.136    28.894     0.005
     3.753     2.205   -21.533     3.754     2.207   -21.536     0.003
   -25.749   -31.818   -32.068   -25.749   -31.816   -32.068     0.002
    -0.932   -19.355   -13.331    -0.928   -19.361   -13.328     0.007
    20.468    21.072    25.870    20.465    21.067    25.869     0.005
     1.001   -17.163    -8.217     1.002   -17.166    -8.216     0.004
    34.049    13.072   -18.145    34.048    13.071   -18.145     0.001
    16.066    -7.669   -22.078    16.066    -7.670   -22.081     0.002
   -16.753    -1.984     1.117   -16.758    -1.983     1.120     0.005
    -6.931     4.367    38.581    -6.937     4.366    38.581     0.006
    -7.568     9.678    39.170    -7.571     9.677    39.171     0.003
   -41.652   -13.399   -17.201   -41.649   -13.398   -17.203     0.003
    24.523   -14.728   -13.482    24.522   -14.727   -13.482     0.002
    20.885    -6.042    19.078    20.882    -6.034    19.077     0.009
     7.179    21.203    38.983     7.180    21.198    38.983     0.005
    19.471    -0.735    55.351    19.477    -0.740    55.351     0.008
    15.061    21.427    45.419    15.061    21.426    45.419     0.001
    -1.150    19.715    42.235    -1.150    19.714    42.235     0.001
    34.314    13.872     9.858    34.310    13.869     9.855     0.006
   -13.714    23.066    26.889   -13.714    23.066    26.889     0.001
   -13.534    23.204    26.165   -13.537    23.208    26.165     0.005
     0.658    17.021     3.605     0.658    17.021     3.605     0.000
   -21.882    12.317   -26.719   -21.883    12.319   -26.719     0.002
     6.990    -8.287    19.758     6.992    -8.294    19.760     0.007
   -11.767     7.456    19.988   -11.763     7.457    19.988     0.004
    -5.582    15.803    10.391    -5.582    15.803    10.391     0.000
    17.027     7.019   -23.929    17.024     7.017   -23.932     0.004
   -31.592   -28.573   -34.238   -31.593   -28.574   -34.238     0.001
   -14.283    -4.205     5.057   -14.279    -4.203     5.054     0.005
   -18.247   -29.849   -37.354   -18.247   -29.851   -37.355     0.002
    -1.604    18.867     8.790    -1.604    18.867     8.790     0.000
    18.372    21.298    32.552    18.365    21.291    32.551     0.010
     0.712    13.557    -2.351     0.709    13.561    -2.353     0.005
    30.587     2.701   -27.991    30.588     2.701   -27.992     0.001
    28.747   -10.552   -19.991    28.748   -10.553   -19.992     0.001
    -8.767    24.622    22.574    -8.767    24.624    22.574     0.002
    -1.388    17.694     7.232    -1.389    17.694     7.232     0.001
    14.108    -6.637    24.482    14.108    -6.641    24.482     0.005
    31.455    -8.934   -17.686    31.458    -8.937   -17.686     0.004
     7.679     1.495    63.296     7.679     1.496    63.303     0.007
    21.911     7.569    55.244    21.910     7.569    55.244     0.001
    -4.328    15.254     8.302    -4.323    15.249     8.307     0.008
    -3.560    -9.397    18.049    -3.560    -9.396    18.049     0.001
     3.738   -12.528     4.516     3.738   -12.525     4.515     0.002
   -37.631   -21.167   -15.597   -37.630   -21.166   -15.598     0.002
     6.719    25.072    10.543     6.719    25.073    10.543     0.001
    -3.234    15.262    53.402    -3.226    15.254    53.401     0.011
   -35.065     6.219   -31.346   -35.065     6.219   -31.346     0.000
   -14.409     9.858   -33.698   -14.414     9.848   -33.695     0.012
    -7.258    -1.662    29.433    -7.257    -1.662    29.433     0.000
    22.265     4.136    50.312    22.272     4.135    50.314     0.007
    22.659     2.452    45.003    22.661     2.451    45.003     0.002
    -4.579    15.586     8.919    -4.580    15.588     8.917     0.003
   -39.459   -10.991   -39.875   -39.460   -10.991   -39.876     0.002
    -8.917     6.793    29.726    -8.916     6.793    29.725     0.000
   -33.402   -14.697    -7.952   -33.402   -14.697    -7.951     0.001
     9.970    15.808    63.168     9.970    15.808    63.170     0.002
    18.962     3.323   -24.390    18.964     3.323   -24.388     0.003
   -22.043    12.251   -26.194   -22.043    12.251   -26.194     0.000
   -38.271     4.071   -24.627   -38.271     4.071   -24.627     0.001
   -31.345   -28.099   -35.727   -31.344   -28.097   -35.727     0.002
   -33.731   -14.303    -7.959   -33.731   -14.303    -7.960     0.001
   -16.428    16.086    22.649   -16.432    16.086    22.649     0.004
    29.282    -8.099     5.106    29.281    -8.089     5.105     0.011
   -37.394   -14.586   -10.951   -37.393   -14.586   -10.952     0.001
    29.511    10.283    19.270    29.508    10.281    19.269     0.003
    34.366    -0.239   -22.182    34.368    -0.239   -22.184     0.003
   -19.296   -18.237   -47.535   -19.295   -18.238   -47.537     0.002
   -10.910    24.305    28.253   -10.911    24.309    28.254     0.005
   -22.817   -19.454    -6.540   -22.817   -19.454    -6.537     0.003
    24.891    -7.945     7.147    24.891    -7.945     7.147     0.001
    -1.103   -16.905   -35.556    -1.102   -16.905   -35.556     0.000
    27.736     9.736   -29.960    27.735     9.735   -29.958     0.003
    10.493    21.674    41.156    10.491    21.688    41.159     0.014
    27.518    22.227     7.238    27.517    22.226     7.238     0.001
     0.278    16.895     3.832     0.278    16.894     3.832     0.001
    14.861    -4.665    59.590    14.859    -4.661    59.589     0.005
    30.717   -10.101   -16.125    30.715   -10.099   -16.124     0.003
   -13.076     2.857   -42.936   -13.076     2.856   -42.935     0.002
   -32.051   -10.714   -46.597   -32.051   -10.714   -46.596     0.001
    -8.252     9.744    36.912    -8.254     9.743    36.912     0.003
   -36.642   -19.528   -12.532   -36.646   -19.531   -12.529     0.005
    28.642     4.829    22.749    28.646     4.829    22.751     0.004
     4.200    23.146    27.402     4.200    23.146    27.402     0.001

