
    -1.023    -6.231    37.375    -1.041    -6.285    37.381     0.057
    -6.457     9.612    49.554    -6.355     9.580    49.551     0.107
    16.540     9.740   -23.870    16.548     9.741   -23.868     0.008
   -29.676   -28.717   -16.655   -29.661   -28.681   -16.668     0.040
    11.781    -9.887    11.401    11.781    -9.889    11.402     0.002
   -41.917    -1.252   -28.471   -41.968    -1.221   -28.474     0.061
    -8.997   -28.914   -28.991    -9.019   -28.883   -28.984     0.039
    34.828    15.342    -7.438    34.952    15.443    -7.425     0.161
     0.104   -11.552     8.534     0.112   -11.474     8.523     0.079
   -11.734   -16.811    -5.769   -11.733   -16.736    -5.833     0.099
    17.730   -12.126   -18.874    17.710   -12.180   -18.939     0.086
   -19.407   -26.417   -10.873   -19.414   -26.391   -10.896     0.036
   -19.947    11.838   -22.333   -19.946    11.951   -22.338     0.113
    -3.713    18.631    42.336    -3.762    18.721    42.370     0.109
   -12.287    10.894    18.153   -12.278    10.895    18.153     0.010
    -6.948    15.251    41.949    -7.014    15.264    41.970     0.071
    27.630    21.948   -18.260    27.682    22.014   -18.284     0.087
   -33.534     3.126   -38.940   -33.548     3.147   -38.956     0.030
     2.100   -16.319   -25.093     1.995   -16.259   -25.046     0.130
   -34.086     4.857   -36.522   -34.089     4.862   -36.524     0.006
   -30.706   -18.377   -45.744   -30.659   -18.356   -45.692     0.073
     1.783    -4.540   -26.101     1.727    -4.568   -26.028     0.096
    21.197     2.894   -27.343    21.209     2.900   -27.337     0.015
    28.415    20.756     9.953    28.410    20.748     9.950     0.010
    13.367    25.882    -6.585    13.355    25.948    -6.609     0.071
    22.750    24.570   -19.265    22.743    24.536   -19.258     0.036
    -0.662    18.315     7.095    -0.757    18.396     7.034     0.139
     8.427   -14.842    -0.293     8.435   -14.826    -0.302     0.021
    20.373    -0.209    51.597    20.433    -0.238    51.605     0.067
   -28.547   -12.053   -47.727   -28.555   -12.054   -47.747     0.022
    24.341    24.459    -7.193    24.328    24.430    -7.192     0.032
   -11.331    18.953    16.476   -11.256    18.930    16.576     0.126
    -8.609    -6.091    15.281    -8.492    -6.030    15.253     0.135
     8.446    20.358    -7.395     8.360    20.390    -7.436     0.100
    -0.200   -10.983    12.941    -0.195   -10.855    12.925     0.129
     1.736    18.953     4.134     1.780    18.927     4.168     0.061
     5.581   -16.565   -10.690     5.595   -16.598   -10.685     0.036
     4.879   -11.255   -23.797     4.907   -11.267   -23.820     0.038
    25.463    -8.556     5.748    25.458    -8.382     5.686     0.184
    -1.760    -8.488   -34.341    -1.797    -8.504   -34.344     0.041
     7.111    -5.546   -22.984     7.110    -5.546   -22.981     0.004
    20.847    18.346    34.700    20.827    18.334    34.696     0.024
   -27.296    10.990   -23.372   -27.343    11.121   -23.340     0.143
    23.676    -2.463    27.224    23.816    -2.647    27.285     0.239
   -11.751   -25.490   -40.785   -11.791   -25.430   -40.720     0.097
    -9.879   -15.283    -3.620    -9.887   -15.113    -3.729     0.203
   -23.181     6.239   -41.163   -23.181     6.242   -41.165     0.004
    -2.059     2.411   -25.599    -2.139     2.340   -25.543     0.120
     1.505    21.692     8.181     1.554    21.613     8.225     0.103
    -4.017    -3.154    52.104    -4.053    -3.184    52.112     0.047
   -39.624    -5.407   -38.381   -39.635    -5.404   -38.388     0.013
     5.809    24.514     6.285     5.848    24.459     6.297     0.069
    22.160   -10.105     2.511    22.148   -10.064     2.495     0.045
    -4.053     5.353   -23.524    -4.005     5.411   -23.559     0.083
     8.497    19.876    -8.314     8.563    19.851    -8.282     0.078
   -30.960    -4.134    -9.486   -30.961    -4.115    -9.449     0.042
    36.353    11.616   -11.714    36.395    11.622   -11.719     0.042
   -18.773   -32.579   -29.067   -18.774   -32.568   -29.066     0.011
    23.826     6.354    41.796    23.920     6.358    41.810     0.095
   -31.103     9.430   -29.379   -31.076     9.388   -29.375     0.050
    20.147    26.109    -8.756    20.088    25.955    -8.746     0.165
   -13.331    -2.653     7.866   -13.315    -2.650     7.860     0.017
   -17.968    -5.122    -0.924   -17.914    -5.111    -0.956     0.064
    34.281    12.196    10.784    34.315    12.202    10.811     0.044
     0.208    24.121    23.296     0.197    24.003    23.290     0.119
   -17.666   -26.763   -11.815   -17.671   -26.745   -11.831     0.025
    39.103     1.785   -10.360    39.143     1.783   -10.372     0.042
   -13.087    10.815   -25.391   -13.114    10.772   -25.383     0.052
    12.496    21.898    41.504    12.468    21.996    41.504     0.102
   -13.466     6.775   -12.533   -13.465     6.772   -12.534     0.003
   -19.937   -23.130    -8.466   -19.957   -23.071    -8.557     0.110
   -12.072    -0.923   -44.852   -12.097    -0.943   -44.823     0.043
    21.484   -16.397   -10.749    21.572   -16.551   -10.744     0.178
   -43.405   -14.762   -25.396   -43.399   -14.760   -25.397     0.007
    18.227   -17.111    -7.191    18.248   -17.205    -7.183     0.097
    -6.313    21.491    37.091    -6.316    21.383    37.016     0.132
    -8.612   -20.025   -43.357    -8.650   -19.989   -43.309     0.071
   -39.263   -17.280   -14.701   -39.268   -17.282   -14.698     0.006
     5.242    -8.054    24.695     5.223    -7.985    24.682     0.073
    11.834    21.047   -13.995    11.823    21.051   -13.999     0.013
    34.413    -4.983    -9.473    34.433    -5.004    -9.466     0.030
    32.317    10.662   -24.669    32.298    10.654   -24.655     0.024
   -42.401   -13.056   -18.780   -42.371   -13.049   -18.790     0.032
    27.582    22.999    -5.428    27.484    22.876    -5.435     0.158
   -23.565    10.902   -32.685   -23.593    11.023   -32.726     0.131
   -10.527    -9.660     4.042   -10.530    -9.668     4.046     0.010
   -15.276    12.683    23.388   -15.214    12.728    23.396     0.078
   -15.998   -24.442   -43.170   -16.005   -24.411   -43.133     0.049
    -7.061     2.565    34.259    -7.094     2.563    34.262     0.033
   -21.481   -13.893   -48.770   -21.476   -13.885   -48.747     0.026
    -7.526    -1.299    28.223    -7.531    -1.300    28.224     0.005
    29.976    -3.196    14.548    30.001    -3.236    14.586     0.060
    19.551    26.235    -5.358    19.562    26.322    -5.371     0.089
    -1.948    -7.998   -32.449    -1.863    -7.980   -32.495     0.099
   -25.458     5.761   -41.079   -25.455     5.752   -41.070     0.013
    20.363     4.492    62.122    20.440     4.473    62.169     0.092
   -24.149    10.241   -34.889   -24.149    10.242   -34.889     0.001
    17.765    -6.379    23.060    17.745    -6.253    23.047     0.128
    -4.152    -5.793    31.068    -4.338    -6.047    31.125     0.320
    19.677    -3.324    38.549    19.686    -3.335    38.552     0.015
     3.676    21.077    37.473     3.656    21.204    37.479     0.128
   -33.899   -26.882   -18.794   -34.021   -27.036   -18.748     0.202
    20.917     4.512   -28.026    20.853     4.468   -28.096     0.104
     6.628    -9.230    17.442     6.601    -9.138    17.413     0.100
   -14.892    -8.139     1.620   -14.813    -8.075     1.566     0.115
   -10.573   -19.683    -8.647   -10.573   -19.721    -8.593     0.066
    14.591    23.949    18.688    14.597    23.976    18.692     0.028
     3.662    -1.311   -23.558     3.612    -1.356   -23.449     0.129
    39.660     3.429     4.507    39.521     3.442     4.500     0.140
   -28.760   -13.549   -47.386   -28.780   -13.560   -47.437     0.055
     6.341    -7.459    57.453     6.333    -7.331    57.453     0.128
    37.722    10.325    -8.371    37.711    10.319    -8.369     0.012
    20.328   -16.725   -13.119    20.355   -16.776   -13.138     0.061
   -10.673   -20.031   -44.140   -10.691   -19.999   -44.075     0.075
   -21.341   -30.569   -36.554   -21.342   -30.585   -36.563     0.019
    -5.448    -1.204    44.715    -5.550    -1.240    44.714     0.109
    24.086    22.770   -22.406    24.130    22.837   -22.449     0.091
    29.395    16.752    13.971    29.350    16.717    13.938     0.065
    39.939     2.648    -2.534    39.965     2.631    -2.531     0.031
    25.390    -5.790    14.334    25.327    -5.603    14.301     0.201
   -10.937    -5.118   -46.457   -10.940    -5.120   -46.453     0.005
   -33.594     5.870   -17.184   -33.580     5.845   -17.195     0.031
   -41.456   -15.316   -30.163   -41.414   -15.329   -30.133     0.053
    20.308    25.148   -22.341    20.314    25.160   -22.343     0.013
   -14.570     3.872    -1.597   -14.475     3.766    -1.601     0.143
   -39.700   -11.719   -13.663   -39.750   -11.727   -13.629     0.061
   -10.783     7.783    24.341   -10.790     7.780    24.343     0.008
   -19.238    -7.135    -2.806   -19.271    -7.145    -2.749     0.067
    17.823   -17.382    -8.314    17.828   -17.407    -8.312     0.026
    -9.049    -6.927    11.636    -9.001    -6.868    11.625     0.077
    37.520    12.175     3.774    37.596    12.213     3.774     0.085
    27.549    13.658    20.798    27.558    13.663    20.801     0.010
   -29.375   -26.424   -13.090   -29.413   -26.488   -13.036     0.092
   -29.120     9.407   -31.776   -29.124     9.420   -31.781     0.014
    -1.610     0.956   -26.049    -1.596     0.961   -26.059     0.018
   -28.790   -29.984   -34.138   -28.809   -30.032   -34.157     0.055
    15.218     2.762   -21.315    15.211     2.763   -21.334     0.020
    23.700     5.455    42.299    23.747     5.449    42.306     0.048
    -4.922    -0.447   -36.807    -4.952    -0.464   -36.800     0.036
    16.819    -5.170    38.268    16.830    -5.193    38.269     0.026
   -28.754   -24.829   -10.672   -28.726   -24.782   -10.717     0.071
   -41.363   -14.980   -30.202   -41.299   -14.999   -30.155     0.082
    25.809    23.965    -1.201    25.842    24.030    -1.195     0.073
   -42.814   -16.250   -24.839   -42.891   -16.287   -24.827     0.086
    21.116    -6.809    14.305    21.114    -6.800    14.303     0.009
    -6.313     6.651    62.360    -6.316     6.652    62.364     0.006
    21.067   -12.614    -1.608    21.118   -12.700    -1.552     0.115
   -16.047    10.622   -33.309   -16.016    10.708   -33.333     0.095
    -2.005    10.298    -6.794    -2.014    10.326    -6.803     0.030
    13.053    -9.422    12.310    13.014    -9.248    12.233     0.194
   -29.955     8.947   -32.537   -29.930     8.865   -32.502     0.092
     2.567   -11.028    12.780     2.560   -10.910    12.766     0.119
   -35.158   -10.608    -8.200   -35.202   -10.614    -8.111     0.100
    10.091    23.131    25.607    10.094    23.268    25.623     0.137
    -6.842   -10.949   -44.052    -6.763   -10.955   -44.135     0.114
    -9.051     2.583    24.560    -9.064     2.580    24.563     0.014
   -14.323     0.785     5.522   -14.309     0.776     5.516     0.018
     9.945     2.059    63.105     9.945     2.060    63.113     0.008
    -5.988     8.678    -6.795    -5.980     8.654    -6.793     0.026
    30.027    -1.784    16.832    30.012    -1.773    16.821     0.021
   -28.479   -27.678   -38.816   -28.486   -27.694   -38.826     0.020
    -1.697    19.402     9.258    -1.648    19.350     9.295     0.080
    -3.031    -4.691    56.100    -2.999    -4.660    56.099     0.045
    39.047     9.740     3.027    39.024     9.734     3.026     0.023
    28.879    13.162   -27.068    28.921    13.198   -27.105     0.066
    -4.845    -4.156    35.275    -4.810    -4.124    35.274     0.047
    -4.106    -3.859   -38.966    -4.143    -3.878   -38.944     0.048
    -9.039   -17.955   -44.077    -8.995   -17.967   -44.137     0.076
    22.687   -14.497    -5.927    22.742   -14.563    -5.900     0.090
    12.574    17.220   -14.195    12.571    17.218   -14.197     0.004
    -1.870    -5.294    59.551    -2.012    -5.554    59.546     0.297
     9.320    -9.516   -22.257     9.320    -9.517   -22.257     0.000
   -27.947   -18.524    -7.238   -27.948   -18.523    -7.218     0.020
   -30.085    -7.263   -47.177   -30.082    -7.265   -47.169     0.009
    28.405    20.983     9.607    28.368    20.931     9.585     0.068
    17.882    13.885   -30.678    17.890    13.891   -30.663     0.019
   -23.905     5.114   -13.815   -23.875     4.957   -14.006     0.249
    10.265   -16.267    -9.665    10.260   -16.289    -9.667     0.023
    -7.171   -20.706   -41.261    -7.146   -20.727   -41.284     0.039
    20.647   -14.642    -3.818    20.654   -14.650    -3.809     0.015
    30.624   -10.217   -14.292    30.592   -10.192   -14.294     0.040
    21.087     5.283   -28.815    21.120     5.295   -28.780     0.050
     9.796    -8.360    17.736     9.793    -8.320    17.723     0.043
   -24.843   -32.536   -29.262   -24.822   -32.449   -29.261     0.090
   -22.240     8.358   -38.522   -22.237     8.296   -38.486     0.071
    -7.213     6.525    38.557    -7.306     6.506    38.557     0.095
    -8.554     8.424   -21.058    -8.576     8.395   -21.060     0.036
   -25.607   -31.207   -17.974   -25.601   -31.180   -17.978     0.028
    14.012     6.370    62.862    14.002     6.369    63.001     0.140
    25.718    23.796    -8.765    25.709    23.776    -8.765     0.021
     6.150   -12.396   -21.978     6.196   -12.443   -22.093     0.132
   -28.213   -31.030   -22.096   -28.295   -31.200   -22.053     0.193
    -3.831    -4.250    42.451    -3.956    -4.344    42.437     0.157
   -11.444    12.127    15.656   -11.387    12.113    15.692     0.068
     1.721   -18.837   -22.085     1.717   -18.834   -22.083     0.006
    10.693    24.006    21.863    10.687    23.902    21.846     0.105
   -39.188     2.102   -31.058   -39.241     2.140   -31.076     0.068
     0.103    19.528    44.271     0.097    19.552    44.281     0.026
   -12.958   -30.949   -29.236   -12.943   -30.995   -29.242     0.049
   -12.358    15.818    16.845   -12.332    15.823    16.882     0.046

